68 68 66 66 64 64 63 63 64 64
59 59 59 68 59 59 59 66
68 68 66 66 64 64 63 63 64 64
59 59 59 68 59 59 59 66
61 63 61 63 63 64 68 61 61 63 61 63 64 64
64 66 68 64 68 64 66
63 64 64 66 66 68 68 71 71 73 73
64 66 66 68 68 71 71 64 68 66
64 64 64 66 66 68 68 71 71 73 73
64 66 66 68 68 71 71 64 68 66 66
69 68 66 64 64 71 71 71 71 64 64 61 69 68 66 64
64 71 71 71 71 64 64 63 69 68 66 64
64 71 71 71 71 64 64 61 69 68 66 64 64 71 71
71 71 64 64 63
68 68 66 66 64 64 63 63 64 64
59 59 59 68 59 59 59 66
68 68 66 66 64 64 63 63 64 64 59 59
59 68 59 59 59 64
61 63 61 64 64 68 61 61 63 63 64 63 64 68
64 68 64 66 68 64 66
63 64 64 66 66 68 68 71 71 73 73
64 66 66 68 68 71 71 64 68 66
64 64 64 66 66 68 68 71 71 73 73
64 66 66 68 68 71 71 64 68 66 66
69 68 66 64 64 71 71 71 71 64 64 61
69 68 66 64 64 71 71 71 71 64 64 63
69 68 66 64 64 71 71 71 64 64 61
69 68 66 64 64 71 71 71 71 64 64
63 64 61 64 63 59 63
64 63 59 54 59 56 64 63
59 66 64 64 63 63 64 66
69 68 66 64 64 71 71 71 71 64 64 61 69 68 66 64
64 71 71 71 71 64 64 63 69 68 66 64 64 71 71 71 71 64 64
61 69 68 66 64 64 71 71 71 71 64 64 63
64 64 71 68 68 71
64 71 68 68 63 64
71 68 68 71 64 71 68
68 69 68 66 64
50 62 60 58 57 58 57 58 70 69 70 69 62
65 67 65 65 63 63 65 62
62 60 58 55 58 55 58 55 62 60 58 55
55 57 58 57
55 57 58 55 55 60 58 57 58
55 57 58 58 55 58 55 57 58 57 55 50
55 57 58 55 55 62 60 58 62
55 57 58 57 63 62
55 57 58 55 55 60 58 57 58
55 57 58 55 58 63 62
62 60 58 58 55 58 55 62 60 58 58 55 58 55
55 57 58 57 63 62
50 62 60 58 57 58 57 58 70 69 70 69 62
65 67 65 65 63 63 65 62
62 60 58 55 58 55 58 55 62 60 58 55
55 57 58 57 63 62
50 62 60 58 57 58 57 58 70 69 70 69 62
65 67 65 65 63 63 65 62 62 60 58 55 58 55
62 60 58 58 55 58 55 55 57 58 57 57 57 62 62
50 58 58 57 55
55 57 58 55 55 60 58 57 58
55 57 58 55 58 63 62
62 60 58 58 55 58 55 62 60 58 58 55 58 55
55 57 58 57 63 62
50 62 60 58 57 58 57 58 70 69 70 69 62
65 67 65 65 63 63 65 62
62 60 58 55 58 55 58 55 62 60 58 62
55 57 58 57 63 62 50 62 60 58 57 58 57
58 70 69 70 69 62
65 67 65 65 63 63 65 62
62 60 58 55 58 55 62 60 58 58 55 58 55
55 57 58 57 57 57 62 62 50 58 58 57 55
65 65 65 67 65 65 60 58
67 65 67 65 67 65 67 65 69 67 67 65 62
69 70 69 70 69 65 62
70 69 70 69 67 65 64 60 64 60 69 67 60
65 65 65 67 65 65 60 62
65 67 65 67 65 67 65 65 69 67 67 65 62
62 72 70 69 70 69 65 60 72 70 69 70 69 67
60 69 67 67 67 65
69 65 67 65 65 69 65 65 69 65 67
67 67 72 72 72 64 64 72 64 64 62 65
65 62 62 69 70
62 70 70 69 67 65 67 65 67 65 69
65 67 65 67 65 69
65 67 65 67 65 74 65 67 67 67 65 67
65 76 72 72 69 72 60 67 67 67 65 65
69 70 69 70 69 62 62 58 69 70 69 70 69 62 62
70 69 70 69 67 67 60 67 65
65 65 65 67 65 65 60 62
65 67 65 67 65 67 65 65 69 67 67 65 62
62 72 70 69 70 69 65 60 72 70 69 70 69 67
60 69 67 67 67 65
69 65 67 65 65 69 65 65 69 65 67
67 67 72 72 72 64 64 72 64 64 62 65
65 62 62 69 70
62 70 70 69 67 65 67 65 67 65 69
65 67 65 67 65 69 65 67 65 67 65 74
65 67 67 67 65 67 64 76 72 72 69 72
60 67 67 67 65 65 69 70 69 70 69
62 62 58 69 70 69 70 69 62 62
70 69 70 69 67 67 60 67 65
69 65 65 65 69 65 65 69 65 67
67 67 72 72 72 64 64 72 64 64 62 65
65 62 62 69 70 62 70 70 69 67
65 65 65 67 65 69 65 67 65 67 65 69
65 67 65 67 65 74 65 67 67 65 67
65 76 72 72 69 72 60 67 67 67 65 65
69 70 69 70 69 62 62 60 69 70 69 70 69 62 62
70 69 70 69 67 67 60 67 65
56 59 56 59 56 59 56 59 56 63 63 56 63
64 63 61 59 56 59 59 56 59
59 61 64 66 61 54 56 59 61 56
59 56 52 54 59 56 52 54 61 54
56 59 56 59 56 59 56 59 56 63 63 56 63
64 63 61 59 56 59 61 62 61
59 61 68 66 61 68 66 68 66 64 59 66 64
64 66 68 69 61 68 69 60 64 66
71 68 64 66 71 68 64 66 61 68
71 68 64 66 71 68 64 66 61 68
59 61 64 66 71 59 61 63 71 67
66 68 66 64 66 64 66 67 66 64 64 71
71 68 64 66 71 68 64 66 61 68
71 68 64 66 73 68 64 66 61 68
61 64 66 71 71 59 61 63 71 67
66 67 66 64 66 64 66 67 66 64 66 64
56 59 56 59 56 59 56 59 56 63 63 56 63
64 63 61 59 56 59 61 62 61
59 61 68 66 61 68 66 68 66 64 59 66 64
61 64 66 68 69 61 68 69 60 64 66
71 68 64 66 71 68 64 66 61 68
71 68 64 66 71 68 64 66 61 68
59 61 64 66 71 59 61 63 71 68
66 68 66 64 66 64 66 67 66 64 64 71
71 68 64 66 71 68 64 66 61 68
71 68 64 66 73 68 64 66 61 68
61 64 66 71 71 59 61 63 71 68
66 68 66 64 66 64 66 67 66 64 66 64
64 57 60 64 62 62 55 59 62 60
64 57 60 64 67 64
64 57 60 64 62 62 55 59 62 61
64 57 64 62 60 60
64 57 60 64 62 62 55 59 62 61
65 65 65 65 67 69 67
60 59 60 59 60 59 60 69 71 67
59 60 59 60 59 60 62 65 64
60 59 59 60 59 60 69 71 67
60 59 60 59 60 59 60 62 64 62
64 57 60 64 62 62 55 59 62 61
64 57 64 62 60 60
64 57 60 64 62 62 55 59 62 60
64 57 60 64 67 64
64 57 60 64 62 62 55 59 62 61
64 57 64 62 60 60
64 57 60 64 62 62 55 59 62 61
65 65 65 65 67 69 67
60 59 60 59 60 59 60 69 71 67
59 60 59 60 59 60 62 65 64
60 59 59 60 59 60 69 71 67
60 59 60 59 60 59 60 62 64 62
64 57 60 64 62 62 55 59 62 61
64 57 64 62 60 60
64 57 64 62 60 60
58 61 61 58 61 58 58 61 63 58 56
61 63 66 65 61 58
61 63 63
58 61 61 58 61 58 61 58 61 63 56
61 63 66 65 61 61 58 61 63
66 66 68 70 63 63 70 68
66 66 68 65 58 58 61 58 61 63 61 63
66 66 68 70 70 70 70 71 68
66 66 68 68
73 70 73 70 70 68 66 68 68 68 68 70 68 66 66
73 70 73 70 70 68 66 68 68 68 68 68 73 70 68
73 70 73 70 70 68 66 68 68 68 68 68 68 70 68 66 66
73 70 73 70 73 73 73 73 73 73 73 73 75 70
66 68 70 70 63 66 61 61 63
58 61 61 58 61 58 58 61 63 58 56
61 63 66 65 61 58
61 63 63
58 61 61 58 61 58 61 58 61 63 56
61 63 66 65 61 61 58 65 65
66 66 68 70 63 63 70 68
66 66 68 65 58 58 61 58 61 63 61 63
66 66 68 70 70 68 70 71 68
66 66 68 68
73 70 75 70 70 68 66 68 68 68 68 70 68 66 66
73 70 73 70 70 68 66 68 68 68 68 68 73 70 68
73 70 75 70 70 68 66 68 68 68 68 68 68 70 68 66 66
73 70 75 70 73 73 73 73 73 73 73 73 75 70
66 68 70 70 63 66 61 61 63 66 66
73 70 75 70 70 68 66 68 68 68 68 70 68 66 66
66 63 66 63 70 66 70 68 66 73 73 73 70 68
73 70 75 70 70 68 66 68 68 68 68 68 68 75 75 70 70
66 63 66 63 70 66 70 68
66 68 70 70 63 66
61 61 63 66 66
66 68 71 70 63 66
61 61 63 66 66
57 60 60 57 60 57 60 62 64 60 60 57 57
60 62 57 60 57 60 67 64 60 60 57 64
60 67 65 62 62 60 62
62 65 62 65 67 57
60 67 65 62 65 62
65 62 53 62 61 60
57 60 60 57 60
57 60 62 64 60 60 57 57
57 60 62 57 60 57 60 67 64 60 60 57 64
60 67 65 62 62 60 65 62
62 62 65 67 57
60 67 65 62 65 62 65 62 65 67 68 65
65 67 65 67 69 70 69
65 67 67 65 60 72 69 67 69
65 67 67 65 60 72 69 67 65
65 67 67 65 60 72 69 60 69
67 66 67 69 62 60 62 60
62 65 62 69 67 67 65
65 65 61 68 67 65 67
64 60 64 65 67 65
62 65 67 69 67 62 65 67 69 67
69 62 60 69 62 60
57 60 60 57 60 57 60 62 64 60 60 57 57
57 60 62 57 60 57 60 67 64 60 60 57 64
60 67 65 62 62 60 65 62
62 62 65 67 57
61 67 65 62 65 62 65 62 65 67 68 67
65 67 65 67 69 70 69
65 67 67 65 60 72 69 67 69
65 67 67 65 60 72 69 67 65
65 67 67 65 60 72 69 60 69 67 66 67 69
66 62 74 72 70 62 65 62 69 67 67 65
65 65 61 68 67 65 67
64 60 64 65 67 65 62 65 67 69 67
62 65 67 69 67 69 62 62 60 60
69 69 62 62 60 60 69 69 62 62 67 67
69 69 62 72 69 69 67 67 69 69 62 62 60 60
69 69 62 62 60 60
69 69 62 67 67
69 69 62 72 69 72 74 69
66 68 68 70
70 68 67 68 70 63 75 73 71
63 66 63 70 68 68 66 66 66 62 69 68 66 68
65 61 65 66 68 66 63 66 68 70 68
63 66 68 70 68 70 63 61
70 63 61
70 63 68
70 70 63 73 70 70 68 68
70 61
70 63 61
70 63 68
70 63 66
61 63 63 63 63 61 59 66 63 63
61 63 61 61 63 61 59 56
59 59 59 56 61 59
54 56 59 59 59 56 61 59 59 59 61 61 63 61
61 63 63 63 63 63 66 66 63 61 63
61 63 61 63 61 59 56
59 59 59 56 59 61 54 56 59 59 59 56 59 59
61 61 61 61
68 66 66 66 66 68 67 68 66 68 66 59 61 61 61 63 61 56
59 59 59 56 61 59 54 56 59 59 59 56 61 61
68 68 68 68 63 68
66 63 61 63 66
61 61 63 61 56 61 59 59 59 56 59
59 59 59 56 61 59 59 59 68 66 66 66 66 66 66 63 68 66
66 68 66 68 66 68 66 63 66 63 66
66 66 68 68 68 66 68 66 63
63 61 59 61 59 61 68 59 58 59 58 59 68
71 71 70 71 70 68
61 63 63 63 63 61 59 66 63 63
61 63 61 61 63 61 59 56
59 59 59 56 61 59 54 56 59 59 59 56 61 59 59 59 61 61 63 61
61 63 63 63 63 63 66 66 63 61 63 61 63 61 63 61 59 56
59 59 59 56 61 59 54 56 59 59 59 56 59 59
61 61 61 61
68 66 66 66 66 68 61 68 66 68 66 59 61 61 61 63 61 56
59 59 59 56 61 59 54 54 59 59 59 56 61 59
68 68 68 68 63 68
66 63 61 63 66 61 61 63 61 56 61
59 59 59 56 59 59 59 59 59 61 59
59 59 68 66 66 66 66 66 66 63 68 66 66 68 66 68 66 68 66 63 66 63 66
66 66 68 68 68 66 68 66 63
63 61 59 61 59 61 68 59 58 59 58 59 68
71 71 70 71 70 68
66 63 61 63 66
59 61 63 61 56 61 59 59 59 56 59
59 59 59 59 61 59 59 59 68 66 66 66 66 66 66 63 68 66
66 68 66 67 66 68 66 63 66 63 66 66 66 68 68 68 66 68 66 63
63 61 59 61 59 61 68 59 58 59 58 59 68
71 71 70 71 70 68
67 64 62 64 67 62 62 64 62 57 62
60 60 60 57 60 60 60 60 57 62 60
60 60 69 67 67 67 67 67 67 64 69 67
67 69 67 69 67 69 67 64 67 64 67
67 67 69 69 69 67 69 67 64
64 62 60 62 60 62 69 60 59 60 59 60 69
72 72 71 72 71 69
64 62 60 62 60 62 69
60 59 60 59 60 69
72 72 71 72
58 60 60 58 60 58 60 62
58 65 57 57 58 60 58
62 60 62 60 62 60 55
55 62 60 62 60 62 55 58 60
53 60 58 60 58 60 62
58 65 57 57 58 60 58
55 62 60 62 60 62 60 55
55 62 60 62 60 62 63 63
65 67 69 69 69 70 69 65
62 69 69 70 70 69 69 67
67 69 70 70 70 67 63 58 63 67 65
58 60 63 63 62 62
62 65 69 72 70 70
70 70 72 74 74 74
74 72 72 67 70 70 70 72 69
69 67 65 67 69 69 69 70 69 65
62 69 69 70 70 72 72 70
65 65 65 67 67 67 70 70 70 70 70 72 65
58 60 63 63 62 62
62 65 69 65 70 70
70 70 72 74 74 74
74 72 72 67 70 70 70 72 69
69 67 65 67 69 69 69 70 69 65
62 69 69 70 70 69 72 70
65 65 65 65 63 63
62 60 58 60 60 58
65 67 69 69 69 70 69 65
62 69 69 70 70 69 69 67
67 69 70 70 70 67 63 58 63 67 65
58 60 63 63 62 62
62 65 69 72 74 70
70 70 72 74 74 74
74 72 72 67 70 70 70 72 69
69 67 65 67 69 69 69 70 69 65
62 69 69 70 70 72 72 70
65 65 65 67 67 67 70 70
70 70 70 72 65
58 60 63 63 62 62
62 65 69 72 74 70
70 70 72 74 74 74
74 72 72 67 70 70 70 72 69
69 67 65 67 69 69 69 70 69 65
62 69 69 70 70 69 72 70
65 65 65 65 63 63
62 60 58 60 60
65 65 65 63 63 63
62 60 58 60 60 58
53 53 62 60 58 57 58 53
53 53 62 60 58 57 57
55 55 67 65 63 62 63 62 65 58
55 58 63 62 60 60 58 53
53 53 62 60 58 57 58 53
53 53 62 60 58 57 58 57
55 55 67 65 63 62 63 62 65 58
55 58 51 63 62 63 65 65
65 65 65 65 58 53 65 65 63 63 62
62 69 69 62 69 70 70 62 62 58 67 69
65 67 67 65 65 67 67 65 65 69 69
65 72 72 62 62 70 70
63 63 62 63 65 67 67
65 65 65 65 58 53 65 65 63 63 62
62 69 69 62 72 70 70 62 62 58 67 69
65 67 67 65 65 67 67 65 65 69 69
65 72 72 62 62 70 70
63 63 62 63 65 67 67
53 53 62 60 58 57 58 53
53 53 62 60 58 57 58 57
55 55 67 65 63 62 63 62 65 58
55 58 63 63 62 63 65 65
65 65 65 65 58 53 65 65 63 63 62
62 69 69 62 69 70 70 62 62 58 67 69
65 67 67 65 65 67 67 65 65 69 69
65 72 72 62 62 70 70
63 63 62 63 65 67 67
65 65 65 65 58 53 65 65 63 63 62
62 69 69 62 72 70 70 62 62 58 67 69
65 67 67 65 65 67 67 65 65 69 69
65 72 72 62 62 70 70
63 63 62 63 65 67 67
65 65 65 65 58 53 65 65 63 63 62
62 69 69 62 69 70 70 62 62 58 67 69
65 67 67 65 65 67 67 65 65 69 69
65 72 72 62 62 70 70
63 63 62 63 65 67 67
65 65 65 65 58 53 65 65 63 63 62
62 69 69 62 72 70 70 62 62 58 67 69
65 67 67 65 65 67 67 65 65 69 69
65 72 72 62 62 70 70
63 63 62 63 65 67 67
56 56 56 56 65 63 61 60
60 60 58 60 61 61
56 56 58 58
56 56 56 56 65 63 61 60 60 60 58 60 61 61
61 61 56 56 58 58
58 58 65 65 65 63 63 61 63
56 56 63 63 63 65 61 60 61 60 61 60 61 58 58 58 65 63 61 63
56 56 56 65 66 68 65 65 63 61 60 68 60
61 60 58 58 70 70 68 65 63 66
65 68 66 65 60 58 70 70 61 60 60 60 56 56 68 68 60 61
65 66 68 68 66 65 66 65 63 61 68 66 66 61 63
56 56 56 65 66 68 65 65 63 61 60 68 60
61 60 58 58 70 70 68 65 63 66
65 68 66 65 60 58 70 70 61 60 60 60 56 56 68 68 60 61
65 66 68 68 66 65 66 65 63 61 61 61 68 66 66 61 61
56 56 56 56 65 63 61 60
61 60 58 60 61 61
61 61 56 56 58 58
56 56 56 56 65 63 61 60 60 60 58 60 61 61
61 61 56 56 58 58
58 58 65 65 65 63 63 61 63 56 56 63 63 63 65 61
60 61 60 61 60 61 58 58 58 65 66 68 63
56 56 56 65 66 68 65 65 63 61 60 68 60
60 60 58 58 70 70 68 65 63 66
65 68 66 65 60 58 70 70 61 60
60 60 56 56 68 68 60 61 65 66 68 68 66 65 66 65 63 61
68 66 66 61 63 56 56 56 65 66 68 65
65 63 61 60 68 60 61 60 58
58 70 70 68 65 63 66
65 68 66 65 60 58 70 70 61 60 60 60 56 56 68 68 60 61
65 66 68 68 66 65 66 65 63 61
61 61 68 66 66 61 61 60 61
58 58 58 68 68 56 56 68 68 68
65 63 65 66
56 56 56 68 66 69 68 68
56 56 56 65 66 68 65 65 63 61 60 68 60
61 60 58 58 70 70 68 65 63 66
65 68 66 65 60 58 70 70 61 60
60 60 56 56 68 68 60 61 65 66 68 68 66 65 66 65 63 61
68 66 66 61 63 56 56 56 65 66 68 65
65 63 61 60 68 68 60
61 60 58 58 70 70 68 65 63 66
65 68 66 65 60 58 70 70 61 60
60 60 56 56 68 68 63 65
65 66 68 68 66 65 66 65 63 61 61 61 68 66
61 61 60 61
55 57 59 57 59 57 59 62 62
55 57 59 57 59 57 59 64 62
55 57 59 55 55 59 55 55
59 55 55 52 57
55 57 59 57 59 57 59 62 62
55 57 59 57 59 57 59 66 66
62 64 67 62 64 59 62
64 62 64 62 64 64 66 67 69
62 67 66 67 66 67 66 59 57 59 62 62
62 67 66 67 57 59 62 62
62 64 62 64 64 62 64 62 64 64
62 64 71 62 64 71 62 64 71 67 69
62 67 66 67 66 67 66 59 57 59 62 62
62 67 66 67 57 59 66 62
62 64 62 64 64 62 64 71 69 67
62 64 71 62 64 71 62 64 71 67 69
67 57 59 67 67
55 57 59 57 59 57 59 62 62
55 57 59 57 59 57 59 64 62
55 57 59 55 55 59 55 55
59 55 55 52 57
55 57 59 57 59 57 59 62 62
55 57 59 57 59 57 59 66 66
62 64 67 62 64 59 62
64 62 64 62 64 66 66 67 69
62 67 66 67 66 67 66 59 57 59 62 62
62 67 66 67 57 59 62 62
62 64 62 64 67 62 64 62 64 67
62 64 71 62 64 71 62 64 71 67 69
62 67 66 67 66 67 66 59 57 59 62 62
62 67 66 67 57 59 66 62
62 64 62 64 64 62 64 71 69 67
62 64 71 62 64 71 62 64 71 67 69
67 57 59 66 67
62 67 66 67 66 67 66 59 57 59 62 62
62 67 66 67 57 59 62 62
62 64 62 64 67 62 64 62 64 67
62 64 71 62 64 71 62 64 71 67 69
62 67 66 67 66 67 66 59 57 59 62 62
62 67 66 67 57 59 66 62
62 64 62 64 64 62 64 71 69 67
62 64 71 62 64 71 62 64 71 67 69
67 57 59 67 67
64 62 64 62 64 62 64 62 64 62 64 55
55 57 55 57 55 52 55 57 55 57 55
64 62 64 62 64 62 64 64 60 60 62 62 60 62 60 57
60 62 60 62 60 62 62 64 62 64 62 64 64
62 60 64 62 64 67 64 62 62 60 60 62 60 62 60 62
64 62 64 62 64 62 64 62 64 62 64 55
55 57 55 57 55 52 55 57 55 57 55
64 62 64 62 64 62 64 67 60 60 62 60 62 60 62 60 57
60 62 60 62 60 62 62 64
62 64 62 64 64 62 60 62 64 62 64 67
64 62 62 60 60 62 60 62 60 62 57 60
60 69 69 69 69 67 67 62 62 64 62
62 62 62 62 57 60 62 64
62 60 60 69 69 69 69 67 67 62 62 62 60 64 67
60 69 69 69 69 67 67 62 62 64 62
62 62 62 62 57 60 62 64 62 62 60 60 62 60 62 60 62
64 62 64 62 64 62 64 62 64 62 64 55
55 57 55 57 55 52 55 57 55 57 55
64 62 64 62 64 62 64 67 60 60 62 60 62 60 62 60 57
60 62 60 61 60 62 62 64 62 64 62 64 64 62 60 62 64 62 64 67
64 62 62 60 60 62 60 62 60 62 57 60
60 69 69 69 69 67 67 62 62 64 62 62 62 62 62 57 60 62 64
62 60 60 69 69 69 69 67 67 62 62 62 60 64 67
60 69 69 69 69 67 67 62 62 64 62
62 62 62 62 64 62 60 60 60 60 60 60 62 60 62 60 62
60 69 69 69 69 67 67 62 62 64 62
62 62 62 62 57 60 62 64
62 60 60 69 69 69 69 67 67 62 62 62 60 64 67
60 69 69 69 69 67 67 62 62 64 62
62 62 62 62 64 62 60 60 60 60 60 60 62 60 62 60 62
64 62 64 62 64 62 64 62 64 62 64 55
55 57 55 57 55 52 55 57 55 57 55
64 62 64 62 64 62 64 67 60
60 62 60 62 60 62 60 57 60 62 60 62 60 62 62 64 62 64
62 64 64 62 60 62 64 62 64 67
64 62 62 60 60 62 60 62 60 62 57 60
67 63 63 63 65 67 68 67 68 65 63
62 62 63 60 60 62 63 63 65 67 62 62
63 60 72 70 68 67 68 70 62 63
68 67 68 68 68 67 65 63 62 65
63 62 63 55 56 58
60 60 60 58 56 60 58 53 55
58 55 58 60 60
56 60 60 63 63 65 62 60 60 58
63 62 63 63 55 56 58 60 58 56 55 56
56 56 59 59 58 56 59 58
60 62 63 63 63 65 67 67 68 67 65 65
60 60 62 62 63 65 65 63
63 62 63 55 58
60 60 60 58 56 60 58 53 55
56 56 56 58 58 55 58 60 60
56 60 60 63 63 62 60 60 58
63 63 62 63 63 55 56 58
60 58 56 55 56 56 56
59 59 58 56 59 58
60 62 63 63 63 65 67 67 68 67 65 65
60 60 62 62 63 65 65 63
60 60 68 67 68 63 62
60 60 60 70 68 70 68 67
67 67 65 63 60 60 62 63 60 63 67 67 65 65
67 63 63 63 65 67 68 67 67 68 65
62 62 63 60 60 62 63 63 65 67 62 62
63 60 72 70 68 67 68 70 62 63
68 67 68 68 68 67 65 63 62 65
60 60 68 67 68 63 62 60 60 60 70 68 70 68 67
67 67 65 63 60 60 62 63 60 63 67 67 65 65
67 63 63 63 65 67 68 67 67 68 65
62 62 63 60 60 62 63 63 65 67 62 62
63 60 72 70 68 67 68 70 62 63
68 67 68 68 68 67 65 63 62 65
67 65 63 63 65 67 68 67 68 65 63
62 62 63 60 60 62 63 63 65 67 62 62
63 62 72 70 68 67 68 70 62 63
68 67 68 68 68 67 65 63 62 65
58 63 63 58 70 68 67
63 63 68 68 68 67 65 63 63 63
60 63 63 63 60 65 65 67
63 63 60 63 63 60 63 65 65 63
60 63 63 60 63 63 60 63 60 67
55 62 62 65 60
60 63 63 60 63 60 65 65
63 63 60 63 63 60 63 60 63
63 60 63 63 60 63 60 65 67
63 70 70 63 67 65
67 65 67 60 58 58 58 70 65 65 65
67 65 67 58 58 58 55 58 70 67 67 67 70 67 63 60 63 63 70 67 63 60 63 65
63 65 63 68 67 67 65 65 63 65 67 67 65 67
67 60 60 60 58 58 70 65 65 65
67 65 67 59 58 58 55 58 70 67 67 67 67 70 67 63 60 63 63 67 70 67 63 60 63 65
58 70 65 63
60 63 63 60 63 60 65 67 63 63 60 63 63 60 63 60 65 63
60 63 60 63 63 60 63 60 65 67 63 70 63 63 65 63 67 67
67 65 67 60 58 58 58 70 65 65 65
67 65 67 58 58 58 55 58 70 67 67 67
70 67 63 60 63 63 70 67 63 60 63 65
63 65 63 68 67 67 65 65 63 65 67 67 65 67
67 60 60 60 58 58 70 65 65 65
67 65 67 58 58 58 55 58 70 67 67 67
67 70 67 63 60 63 63 67 70 67 63 60 63 65 58 70 65 63
67 65 67 60 58 58 58 70 65 65 65 67 65 67 58 58 58 55 58 70 67 67 67
70 67 63 60 63 63 70 67 63 60 63 65
63 65 63 68 67 67 65 65 63 65 67 67 65 67
65 67 60 58 58 58 70 65 65 65 67 65 67 58 58 58 55 58 70 67 67 67
70 67 63 60 63 63 70 67 63 60 63 65
63 65 63 68 67 67 65 65 63 65 67 67 65 67 67 60 60 60 58 58 70 65 65 65
67 65 67 58 58 58 55 58 70 67 67 67 67 65 67 60 58 58 58 70 65 65 65
67 65 67 58 58 58 55 58 70 67 67 67 70 67 63 60 63 63 70 67 63 60 63 65
63 65 63 68 67 67 65 65 63 65 67 67 65 67
62 66 66 62 62 66 66
62 62 67 66 62 59 62 62 64 64
62 62 66 66 62 62 66 66 62 62
67 66 62 59 62 62 64
62 64 66 66 68 66 66 66 71 69 66 62 59
62 71 69 66 64 64
62 62 64 66 69 74 73 74 73 69 66 74
74 73 69 66 71 69 69 71 69 69 69 66 64
62 64 66 69 74 73 74 73 69 66
74 73 69 66 71 69 69 71 69 69 69 66 64
62 64 66 66 68 66 66 66 71 69 66 62 59
59 71 69 66 64 64
62 62 66 66 62 62 66 66
62 62 67 66 62 59 62 62 64 64
62 66 66 62 62 66 66
62 62 67 66 62 59 62 62 64
62 64 66 66 68 66 66 66 71 69 66 62 59
59 71 69 66 64 64
62 62 64 66 69 74 73 74 73 69 66 74
74 73 69 66 71 69 69 71 69 69 69 66 64
62 64 66 69 74 73 74 73 69 66
74 73 69 66 71 69 69 71 69 69 69 66 64
62 64 66 66 68 66 66 66 71
69 66 62 59
62 62 71 69 66 64 64
62 66 66 62 62 66 66
62 62 67 66 62 59 62 62 64 64
62 62 66 66 62 62 66 66
62 62 67 66 62 59 62 62 62 62
58 56 58 51 58 56 57 51
58 56 58 58 58 58 56 58 51 58 56
58 51 58 56 58 65 61
58 56 58 63 58 56 58 63
58 56 58 56 58 56 54 51
58 56 54 51 58 56 54 51
49 54 51
58 56 54 51 56 54 51
58 56 58 58 58
58 56 58 51 58 56 58 51
58 56 58 63 61
58 56 58 63 58 56 58 63
58 56 58 66 65 63 61 58
58 56 58 63 58 56 58 63
58 61 63 61 63 68 68
58 61 63 61 63 68 68
70 68 66 63 70 68 66 63
70 68 70 70 70 68 66 63
58 61 63 61 63 68 68 61 63
58 56 58 51 56 58 51
58 56 58 58 58
58 56 58 51 58 56 58 51
58 56 58 63 61
58 56 58 63 58 56 58 63
58 56 58 66 65 63 61 58
58 56 58 63 58 56 58 63
58 61 61 61 63 70 68
58 61 63 61 63 68 68
70 68 66 63 70 68 66 63
70 68 70 70 70 68 66 63
58 61 63 61 63 68 68
58 61 63 61 63 68 68
58 61 63 61 63 68 68
70 68 63 70 68 66 63
70 68 70 70 70 68 66 63
58 61 61 61 63 70 68
58 61 63 61 63 68 68 61 63
57 57 59 61 61 61 62 61
61 59 57 59 59 59 62 61
59 57 56 57 56 57 56 54 52 52
57 59 61 62 54 57 56
52 61 62 61 59 57
57 56 57 61 61 59 57 61 61 59 57 59
57 57 59 61 61 61 62 61
61 59 57 59 59 59 62 61
59 57 56 57 56 57 56 57 66 64
64 62 61 64 64 66 62 61 59
59 61 62 62 64 61 59 57
57 56 62 61 62 54 57 56 57 57
62 62 62 62 61 56 61 59 59 57 57
57 62 61 59 61 62 61 62
66 66 66 64 62 62 64 64
66 66 66 66 65 66 68 61 61 69 68 64 57
62 61 59 57 62 61 64 64
64 64 68 69 69 69 64 64
64 64 69 71 71 71 65
71 73 71 69 69 69 68 69 68 64 66 71
59 59 61 62 61 62 66 64
62 61 62 64 64 71 68 69
69 68 64 62 61 62 64 66 73 71 69 71
64 64 68 69 69 69 64 64
64 64 69 71 71 71 65
71 73 71 69 69 69 68 69 68 64 66 71 71
62 62 64 66 65 66 69 68
68 68 66 65 65 73 71 69
69 68 64 62 61 62 64 66 73 71 69 71
69 69 68 69 69
57 57 59 61 61 61 62 61
61 59 57 59 59 59 62 61
59 57 56 57 56 57 56 57 66 64
64 62 61 64 64 66 62 61 59
59 61 62 62 64 61 59 57
57 56 62 61 62 54 57 56 57 57
62 62 62 62 61 56 61 59 59 57 57
57 62 61 59 61 62 61 62
66 66 68 64 62 62 64 61
66 66 66 66 65 66 68 61 61 69 68 64 57
62 61 59 57 62 61 64 64
64 64 68 69 69 69 64 64
64 64 69 71 71 71 65
71 73 71 69 69 69 68 69 68 64 66 71
59 59 61 62 61 62 66 64
61 61 62 64 64 71 68 69
69 68 64 62 61 62 64 66 73 71 69 71
64 64 68 69 69 69 64 64
64 64 69 71 71 71 65
71 73 71 69 69 69 68 69 68 64 66 73 73
62 62 64 66 64 66 69 68
68 68 66 65 65 73 71 69
69 68 64 62 61 62 64 66 73 71 69 71
69 69 68 69 69
64 64 68 69 69 69 64 64
64 64 69 71 71 71 65
71 73 71 69 69 69 68 69 68 64 66 71 71
62 62 64 66 64 66 69 68 68 68 66 65 65 73 71 69
69 68 64 62 61 62 64 66 73 71 69 71
69 69 68 69 69
58 58 58 58 56 59 58 56 54
54 63 63 63 63 63 63 63 61 59 61
59 61 63 61 59 58 58
63 61 61 59 59
58 58 59 61 54 54
56 54 56
49 58 58 58 58 56 59 58 53 54
54 61 63 63 63 63 63 61 59 63
61 61 61 61 59 58 56 65 61 61 59 58
58 58 59 61 63 63
63 65 66 70 71 68 66 68
68 70 70 61 63 70 70 68 65 66 66 66 65 66
70 71 73 71 70 71 70 68 68 71 70
70 70 71 73 71 71 70 68 61 63 71 71
70 70 71 73 66 66 63
68 66 68 70 71
68 70 70 61 63 70 70 68 65 68 66 66 65
70 71 71 71 70 71 70 68 68 71 70
70 70 71 71 71 71 70 70
73 73 73 71 71
70 71 71 66 66 63 63 62 68 68 65 65
49 58 58 58 58 56 59 58 56 54
54 61 63 63 63 63 63 61 59 61
61 61 63 61 59 58 56
65 61 61 59 58 58 58 59 61 63 63
63 65 66 70 71 68 66 68
68 70 70 61 63 70 70 68 65 68 66 66 65 66
70 71 73 71 70 71 70 68 68 71 70
70 70 71 71 71 71 70 68
73 75 71 71 70 70 71 73 66 66 63
68 66 68 70 73
71 71 71 62 64 71 71 69 66 67 67 67 66
71 72 74 72 71 72 71 69 69 72 71
71 71 72 74 72 72 71 71
74 76 74 72 71 71 72 74 67 67 64
64 63 69 69 66 67
71 72 74 67 67 64 64 63 69 69
53 65 65 63 63 60 60 58 56 60 58
60 60 58 58 56 56 58 56 53
65 65 63 63 60 60 58 56 60 58
51 60 60 58 58 56 58 56 53
56 53 60 58 56 53 60 58
58 56 53
65 72 70 70 68 65 72 70
63 75 72
63 75 68
65 68 72 70 70 68 65 65 68 72 70 70 68 63
65 72 70 70 68 65 72 70
63 75 72
63 75 68
65 68 72 70 70 68 65 65 68 72 70 70 68 63
58 68 63
63 70 68 68
53 65 65 63 63 60 60 58 56 60 58
60 60 58 58 56 56 58 56 53
65 65 63 63 60 60 58 56 60 58
51 60 60 58 58 56 58 56 53
56 60 58 56 53 60 58
58 56 53
65 72 70 70 68 65 72 70
63 75 72
63 75 70
65 68 72 70 70 68 65 65 68 72 70 70 68 63
65 72 70 70 68 65 72 70
63 75 72
63 75 70
65 68 72 70 70 68 65 65 68 72 70 70 68 63
70 68 63
63 70 68 69
61 56 61
61 60 61 63 63 56 61
61 63 64 68 61
61 63 64 66 63
63 61 63 54 59
56 59 57 56 54 57
56 57 56 56 55 56 61 64
61 61 61 63 63 61 60
56 63 64 63 61
56 57 61 64 68 69 66
71 68 66 68 71 68 66 64
56 61 63 64 64 64 66 64
63 63 63 61 60
56 61 61 63 64 64 66 66
56 57 61 64 68 69 66
71 68 66 68 69 68 66 64
56 61 63 64 64 64 66 64
63 63 63 61 60
56 57 56 56 60 61
63 56 61
61 60 61 63 63 56 61
61 63 64 68 61
61 63 64 66 63
63 61 63 54 56
56 59 57 56 54 57
56 57 56 56 55 56 61 64
61 61 61 63 63 61 60
56 63 64 66 61
56 57 61 64 66 69 66
71 68 66 68 71 68 66 64
56 61 63 64 64 64 64
63 63 63 61 60
56 61 61 63 64 64 66 68
56 57 61 64 68 68 66
71 68 66 68 71 73 66 64
56 61 63 64 64 64 66 64
63 63 63 61 60
56 57 56 60 61
58 61 61 58 63 63 63 61 65 63
58 61 61 58 61 61 61 58
58 61 61 58 63 63 63 61 65 63
58 58 61 61 58 61
58 61 61 58 63 63 63 61 65 63
58 61 61 58 61 61 61 58
58 61 61 58 63 63 63 61 65 63
58 58 67 58 61
65 68 68 65 70 70 70 70 70 68
68 68 68 65 68 68 68 65
65 68 68 65 70 70 70 70 68
68 68 68 65 68 68 68 68 68
65 63 63 61 63 65 63 63 61 63
65 63 61 61
65 63 63 61 63 65 63 63 61 63 65 63 61 61
61 61 58 63 63 63 61 65 63
58 61 61 58 61 61 61 61 58
58 61 61 63 63 63 61 65 63
58 58 61 61 58 61
65 68 68 65 70 70 70 70 70 68
68 68 68 65 68 68 68 65
65 68 68 65 70 70 70 70 68
68 68 68 65 68 68 68 68 68
65 63 63 61 63 65 63 63 61 63
65 63 61 61
65 63 63 61 63 65 63 63 61 63
65 63 61 61
58 61 61 58 63 63 63 61 65 63
58 61 61 58 61 61 61 58
58 61 61 58 63 63 63 61 65 63
58 58 61 58 61
65 68 68 65 70 70 70 70 70 68
68 68 68 65 68 68 68 65
65 68 68 65 70 70 70 70 68
68 68 68 65 68 68 68 68 68
65 63 63 61 63 65 63 63 61 63
65 63 61 61
65 63 63 61 63 65 63 63 61 63
65 63 61 61
65 68 68 65 70 70 70 70 70 68
68 68 68 65 68 68 68 65
65 68 68 65 70 70 70 70 68
68 68 68 65 68 68 68 68 68
65 63 63 61 63 65 63 63 61 63
65 63 61 61
65 66 65 66 65 65 65 65 66 65
65 63 61 61
61 62 61 62 61 61 62 62 60 61 59 61 59 61 59 61 62
59 62 66 64 62 66 61 62 61 62 61 62 61 62 62
61 61 59 61 59 61 59 61 62 59 62 66 64 62 62
59 61 62 62 62 62 38 59 61 62 62 62 64
57 59 61 61 61 61 37 57 59 61 61 61 61 62
62 64 66 66 66 62 62 62 64 66 66 66 62 62 62 64 66
66 66 66 62 64 64 57 66 66 64
62 64 66 62 59 62 69 62 66 66
57 66 67 66 64 62 64 66 69
66 59 62 64 62
61 62 61 62 61 61 62 62 61 61 59 61 59 61 59 61 62
59 62 66 64 62 66 61 62 61 62 61 62 61 62 71
59 61 59 61 59 61 59 61 71 59 62 66 64 62 62
59 61 62 62 62 62 38 59 61 62 62 62 64
57 59 61 61 61 61 37 57 59 61 61 61 61 62
62 64 66 66 66 59 62 62 64 66 66 66 59 62
62 64 66 66 66 66 62 64 64
57 66 66 64 62
64 66 62 59 62 69 62 66 66
57 66 67 66 64
62 64 66 69 66 59 62 64 62
57 66 66 64 62 66 62
59 62 69 62 66 66 57 67 66 67 66 64
62 64 66 69 66 59 62 64 62
57 66 67 66 64
62 64 66 71
66 59 62 64 62
65 65 62 62 62 60 60 60 62 57
65 65 62 62 62 60 60 60 62 62
65 65 69 67 60 60 67 65 64 64 65
62 62 60 60 57
65 65 62 62 62 60 60 60 62 57
65 65 62 62 62 60 60 60 62 62
65 65 69 67 60 60 67 65
64 64 65 62 69 62 60 62
69 62 69 62 69 69 67 67 60 67 60 67 67 65
69 62 69 62 67 72 69 67 65 62
69 62 69 62 69 69 67 67 60 67 60 67 67 65
69 62 69 62 69 67 65
65 65 62 62 62 60 60 60 62 57
65 65 62 62 62 60 60 60 62 62
65 65 69 67 60 60 67 65
64 64 65 62 62 60 60 57
65 65 62 62 60 60 60 62 57
65 65 62 62 62 60 60 60 62 62
65 65 69 67 60 60 67 65
65 64 65 62 69 62 60 62
69 62 69 62 69 69 67 67 60 67 60 67 67 65
69 62 69 62 67 72 69 67 65 62
69 62 69 62 69 69 67 67 60 67 60 67 67 65
69 62 69 62 69 67 65
69 62 69 62 69 69 67 67 60 67 60 67 67 65
69 62 69 62 67 72 69 67 65 62
69 62 69 62 69 69 67 67 60 67 60 67 67 65
69 62 69 62 69 67 65
65 56 58 61 61 65 65 65 65 63 61 61
56 56 53 56 58 61 61 58 58 61 58 56 68
65 65 63 61 63 65 58 56 56 56 56 58 61 61 58 63
56 58 61 63 65 68 68 70 65 63
65 56 58 61 61 65 65 65 65 63 61 61
56 56 53 56 58 61 61 58 58 61 58 56 68
65 65 63 61 63 65 58 56 56 56 56 58 61 61 58 63
56 58 61 63 65 68 68 70 65 63
65 56 56 63 56 61 63 65 56
54 56 58 60 61 58 60 61 63 63
65 56 56 63 56 61 63 65 56
54 56 58 60 61 58 60 61
68 59 61 64 64 68 68 68 68 66 64 64
59 59 56 59 61 64 64 61 61 64 61 59 71
68 68 66 64 66 68 61 59 59 59 59 61 64 64 61 66
59 61 64 66 68 71 71 73 68 66
59 61 63 64 66 68 69 71
59 61 63 64 66 66 68 69 71
68 59 59 66 59 64 66 68 59
57 59 61 63 64 61 63 64 66 66
68 59 59 66 59 64 66 68 59
57 59 61 63 64
61 63 64 66 64
64 64 64 64 62 60 59 62 62 62 60
55 64 62 60 60 60
64 62 60 60 62
64 64 64 64 62 60 59 62 62 62 60
55 64 62 60 60 60 55 64 62 60 60 62
65 65 65 65 64 62 60 60 60 62 62
55 67 67 67 65 64 62 62 62 64 64
57 65 64 65 64 62 60 59 60 59 55
64 65 64 65 64 62 60 62
55 64 65 67 65 64 67 55 64 65 67 65 64 67
55 64 65 67 65 64 60 62 62 62 64 60
67 67 60 60 59 60 60 67 67 60 60 59 60 60
65 65 64 64 62 62 60 65 65 64 64 62 62 60
55 64 65 67 65 64 67 55 64 65 67 65 64 67
55 64 65 67 65 64 60 62 62 62 64 60
67 67 60 60 59 60 60 67 60 60 59 60 60
65 65 64 64 62 62 60 65 64 62 60 57 60
64 64 64 64 62 60 59 62 62 62 60
55 64 62 60 60 60
64 62 60 60 62
64 64 64 64 62 60 59 62 62 62 60
55 64 62 60 60 60 55
64 62 60 60 62 64
65 65 65 65 64 62 60 60 60 62 62
55 67 67 67 65 64 62 62 62 64 64
57 65 64 65 64 62 60 59 60 59 55
64 65 64 65 64 62 60 62
55 64 65 67 65 64 67 55 64 65 67 65 64 67
55 64 65 67 65 64 60 62 62 62 64 60
67 67 60 60 59 60 60 67 67 60 60 59 60 60
65 65 64 64 62 62 60 65 65 64 64 62 62 60
55 64 65 67 65 64 67 55 64 65 67 65 64 67
55 64 65 67 65 64 60 62 62 62 64 60
67 67 60 60 59 60 60 67 60 60 59 60 60
65 65 64 64 62 62 60 65 64 62 60 57
57 66 67 69 67 66 69 57 66 67 69 67 66 67
57 66 67 69 67 66 62 64 64 64 66 62
69 69 62 62 61 62 62 69 69 62 62 61 62 62
67 67 66 66 64 64 62 67 67 66 66 64 64 62
57 66 67 69 67 66 69 57 66 67 69 67 66 69
57 66 67 69 67 66 62 64 64 64 66 62
69 69 62 62 61 62 62 69 62 62 61 62 62
67 67 66 66 64 64 62 67 66 64 62 59 62
64 64 62 59 60
64 64 62 60 62 67 64
69 69 67 64 62 64 62 60 64
62 60 62 59 57
64 64 62 59 60
64 64 62 60 62 67 64
69 69 67 64 62 64 62 60
64 62 60 62 59 60
64 67 69 72 71 67 64
60 60 69 69 67 64 62 64
64 67 69 72 71 64 72
64 62 69 69 67 64 62 60
64 64 62 59 60
64 64 62 60 62 67 64
69 69 67 64 62 64 62 60
64 62 60 62 59 60
64 64 62 59 60
64 64 62 60 62 67 64
69 69 67 64 62 64 62 60
64 62 60 62 59 60
64 67 69 72 71 67 64
60 60 69 69 67 64 62 64
64 67 69 72 71 64 72
64 62 69 69 67 64 62 60
64 67 69 72 71 67 64
60 60 69 69 67 64 62 64
64 67 69 72 71 64 71
64 62 69 69 67 64 62 60
64 67 69 72 71 64 71
64 62 69 69 67 64 62 60
64 62 59 60
64 62 67 64
69 67 64 62 64 62 60
64 62 60 62 59 57
61 58 58 56 58 56 58 61
61 58 58 56 58 56 58 61
66 63 63 61 63 61 61 54 58
54 66 63 63 63 63 63 61 63 58 61
54 66 63 63 63 63 58 61
54 66 63 63 63 63 63 63 65 65 65
65 66 65 63 61 61 66
61 66 68 70 61 63
63 66 65 63 61 71 70
70 71 70 68 66 68 65 63 61
61 63 66 66 68 68
58 61 66 68 70 61 63
63 66 65 63 61 71 70
70 71 70 68 66 68 65 63 61
61 63 66 66 70 68 61 66 65 66
61 58 58 56 58 56 58 61 61 58 58 56 58 56 58 61
66 63 63 61 63 61 61 54 58 54 66 63
63 63 63 63 61 63 58 61
54 66 63 63 63 63 58 61
54 66 63 63 63 63 63 63 65 65 65
65 66 65 63 61 61 66 68 68
61 66 68 70 61 63
63 66 65 63 61 71 70
70 71 70 68 66 68 65 63 61
61 63 66 66 70 68
58 61 66 68 70 61 63
63 66 65 63 61 71 70
70 71 70 68 66 68 65 63 61
61 63 66 66 70 68
61 66 65 66
63 63 63 66 65 66 65 61
61 70 70 70 73 68 70 68
63 63 63 66 65 66 65 61
61 71 70 71 70 66 61 71 70 71 70 66
61 66 68 70 61 63
63 66 65 63 61 71 70
70 71 70 68 66 68 65 63 61
61 63 66 66 70 68
58 61 66 68 70 61 63
63 66 65 63 61 71 70
70 71 70 68 66 68 65 63 61
61 63 66 66 70 68
61 66 65 66
58 61 61 63 63 65 65 70 68 65 63
58 61 61 63 63 65 65 58 56
58 61 61 63 63 65 65 70 68 65 63
63 65 58 63 65 58 56 58
58 61 63 61 58 58 61 61 61 65
65 68 70 70 68 65 63 61 63 65
58 61 63 61 58
58 61 63 61 63
63 65 58 63 65 58 56 58
65 68 73 72 65 65 63 61 61 65
65 63 61 70 73 72 70 68 63 65
65 68 73 72 65 65 63 61 61 63 65
63 65 58 63 65 58 56 58
58 61 61 63 63 65 65 70 68 65 63
58 61 61 63 63 65 65 58 56
58 61 61 63 63 65 65 70 68 65 63
63 65 58 63 65 58 56 58
58 61 63 61 58 58 61 61 61 65
65 68 70 70 68 65 63 61 63 65
58 61 61 61 58
58 61 63 61 63
63 65 58 63 65 58 56 58
65 68 73 72 65
65 63 61 61 65
65 63 61 70 73 72 70 68 70 65
65 68 73 72 65
65 63 61 61 63 65
63 65 58 63 65 58 56 58
63 65 58 63 65 58
62 64 66 62 69 66 64 69 64 62 59 66 62 61
61 59 61 62 64 57 62 64 66 67 66 64 62 64
62 64 66 62 69 66 64 69 64 62 59 59 61 62 57
57 59 61 62 64 57 62 64 66 67 67 66 64 62
66 67 69 69 69 69 69 71 69 67 66 66 66 66
66 67 66 64 62 62 62 61 59 61 62 64 64 64 66 64 66 64
66 67 69 69 69 69 69 71 69 67 66 66 66
66 67 66 64 62 61 59 61 62 64 57 62 66 64
64 64 62 62
62 66 62 69 66 64 69 64 62 59 66 62 61
62 61 59 61 62 64 57 62 64 66 67 67 66 64 62 64
62 66 62 69 66 64 69 64 62 59 59 61 62 57
59 61 62 64 57 62 64 66 67 66 64 62 62
66 67 69 69 69 69 69 71 69 67 66 66 66 66
66 67 66 64 62 62 62 61 59 61 62 64 64 64 66 64 66 64
66 67 69 69 69 69 69 71 69 67 66 66 66 66 67 66 64 62 61
59 61 62 64 64 57 62 64 66 64 64 62
62 64 66 62 69 66 64 69 64 62 59 66 61
61 59 61 62 64 57 62 64 66 67 67 66 64 62 64
62 64 66 62 69 66 64 69 64 62 59 59 62 57
57 59 62 64 57 62 64 66 67 66 64 62 62
66 67 69 69 69 69 69 71 69 67 66 66 66 66
66 67 66 64 62 62 62 61 59 61 62 64 64 66 64 66 64
66 67 69 69 69 69 69 71 69 67 66 66 66
66 67 66 64 62 61 59 61 62 64 57 62 64 66 64
64 64 62 62
62 66 62 69 66 64 69 64 62 59 66 62 61
62 61 59 61 62 64 57 62 64 66 67 67 66 64 62 64
62 64 66 62 69 66 64 69 64 62 59 59 62 57
57 59 61 62 64 57 62
61 59 61 62 64 57
62 61 59 61 62 64 57 62
64 66 67 67 66 64 62 62
66 67 69 69 69 69 69 71 69 67 66 66 66 66
66 67 66 64 62 62 62 61 59 61 61 62 64 64 66 64 66 64
66 67 69 69 69 69 69 71 69 67 66 66 66 66 67 66 64 62 61
59 61 62 64 57 62
64 66 64 64 64 62 62
64 61 59 64 61 59 61
59 61 54 57 59 61 54
52 64 61 59 64 61
61 59 73 61
61 59 61 61 64 61
57 54 57
69 68 64 61
59 61 64 69 68 64 61
59 61 64 73 71 69 66
64 66 69 73 71 71 71 71
64 61 64 61 71 69 64
61 59 61 64 71 69 64
61 59 61 64 71 73 71
66 64 66 69 73 71 71 69
66 68 69
69 68 64 61
59 61 64 69 68 64 61
59 61 64 73 71 69 66
64 66 69 73 71 71 69
64 61 64 61 71 69 64
61 59 61 64 71 69 64
61 59 61 64 73 71 69
64 66 69 73 71 71 69 81 66
57 64 66 64 62 61 59 64 64
57 61 62 64 62 61 56 54 62 62
57 62 64 66 64 62 61 59 64 64
62 64 62 64 62 64 62 64 69 69
66 66 67 69 67 66 62 59 67 67
64 64 64 67 66 62 59 57 66 66
57 62 64 66 64 62 61 59 64 64
57 61 62 64 62 64 66 62
62 64 62 66 71 71 66 66 71 71 66 66 73
74 73 71 71 69 69 66 66 71 64 62
59 59 69 67 57 57 66 64
62 64 62 64 62 64 66
62 64 62 66 71 71 66 66 71 71 66 66 73
74 73 73 71 71 69 69 66 66 71 64 62
59 59 69 67
57 57 66 66 62 61
57 62 64 66 64 62 61 59 64 64
61 62 64 62 61 57 54 62 62
57 62 64 66 64 62 61 59 64 64
62 64 62 64 62 64 62 64 69 69
66 66 67 69 67 66 62 59 67 67
64 64 66 67 66 62 59 57 66 66
57 62 64 66 64 62 61 59 64 64
57 61 62 64 62 64 66 62
62 64 62 66 71 71 66 66 71 71 66 66 73
74 73 73 71 71 69 69 66 66 71 64 62
59 59 69 67 57 57 66 66
62 64 62 64 62 64
62 64 62 66 71 71 66 66 71 71 66 66 73
74 73 73 71 71 69 69 66 66 71 64 62 59 59 69 67
57 57 66 66 62 61
65 65 61 63 63 63
61 63 63 61 58
58 61 58 63 58 61 61 61 63 60
65 65 61 63 63 63
61 63 63 63 61 58
58 61 58 63 63 63 61 58
58 60 61 58 68 68 68 61 61
60 61 63 60 61 63 63 60 60
58 60 61 58 68 68 68 61 63 61 63 61 63
58 60 61 58 68 68 68 61 61
60 61 60 63 63 65 65
58 60 61 58 61 61 61 63 63 63 60 58
63 65 63 65
63 65 73 72 70 68 65
68 68 68 61 61 58
58 68 63 63 61 63 63 61 60
65 70 63 65
63 65 73 72 70 68 68
70 70 70 70 70 61 72 68 68 65 68
52 62 62 62 62 62 61 61
62 62 62 64 61 59 57 56 56
54 64 64 64 64 64 62 62
64 64 64 64 64 62 62 61 61
52 62 62 62 62 62 61 61
62 62 62 64 61 59
57 56 57
54 57 64 66 57
64 64 64 64 64 62 62 61 61 59
57 69 68 69 64 64 64 64 62 62 61
57 69 68 69 69 64
64 64 64 62 62 61
57 69 68 69 68 66 57 68 66 68 66 64
57 66 64 66 64 62
62 61 62 64 66 66 64
57 69 68 69 64 64 64 64 62 62 61
57 69 68 69 69 64
64 64 64 71 71 69
57 69 68 69 68 66
57 68 66 68 66 64
64 64 66 61 64 62
62 61 62 64 66 64
74 73 64 71 69
52 62 62 62 62 62 61 61
62 62 62 64 61 59 57 56 56
54 64 64 64 64 64 62 62
64 64 64 64 64 62 62 61 61
52 62 62 62 62 62 61 61
62 62 62 64 61 59 57 56 56
54 57 64 66 57
64 64 64 64 64 62 62 61 61 59
57 69 68 69 64 64 64 64 62 62 61
57 69 68 69 69 64 64
64 64 62 62 61
57 69 68 69 68 66 57 68 66 68 66 64
57 66 64 66 64 62
62 61 62 64 66 66 64
57 69 68 69 64 64 64 64 62 62 61
57 69 68 69 69 64
64 64 64 71 71 69
57 69 68 69 68 66 57 68 66 68 66 64
64 64 66 61 64 62
62 61 62 64 66 64
74 73 64 71 69
49 58 56 59 51 56 56 54 56 54
54 58 56 59 51 56 56 54 56 54
54 61 61 63 59 58 59
56 58 59 59 61 58 56 58
56 58 56 59 51 56
56 54 58 56 54
61 70 68 71 70 63 68 65 66
61 71 70 71 73 73 65 73 65 65
63 73 71 70 71 63 68 63 73 59 70 71 63 68
68 70 71 70 71 70 71 70 71 70 66 70
61 70 68 71 70 63 68 71 71 68
61 71 70 71 73 73 70 70 70 71 73 73
63 73 71 70 71 63 68 63 73 71 70 71 63 68
66 66 68 70 68
70 68 70 68 70 68 70 68 70 68 70
70 68 70 68 70 68 70 68 70 68 70
68 70 70 66 68 70 70 66 70 68
61 70 68 71 70 63 68 65 66
61 71 70 71 73 73 65 73 65 65
63 73 71 70 71 63 68 63 73 71 70 71 63 68
68 70 71 70 71 70 71 70 71 70 66 70
61 70 68 71 70 63 68 71 71 68
61 71 70 73 73 70 70 70 71 63 61
63 73 71 70 71 63 68 63 73 71 70 71
66 66 68 70 66
63 65 65
67 68 70 63 65 67 67
60 62 63 67 67 65 70 65 65 67 67
67 68 70 63 65 67 65
62 63 65 62 70 70 70 65 65 63
67 67 68 67 63 63 65 67 63 63 62
62 63 63 63 63 63 63 63 63 62
65 65 65 65 65 65 65 65 58 65 63
63 63 63 63 65 67 67 63 63 63 63 65 67 67
67 67 67 67 67 67 67 67 67 65 70 65
65 65 70 70 67 72 70 65 63
65 63 65 63 65 67 68 68 65
67 68 70 63 63 65 65
67 68 70 63 65 67 67
63 67 67 65 70 65 65 67 67
67 68 70 63 65 67 65
62 63 62 72 70 70 65 65 63
67 68 67 63 63 65 67 63 63 62 65
62 63 63 63 63 63 63 63 63 62
65 65 65 65 65 65 65 65 58 65 63
63 63 63 63 65 67 67 63 63 63 63 65
67 67 67 67 67 67 67 67 67 65 68 65
65 65 70 70 67 72 70 65 63
65 63 65 63 65 67 68 68 67
67 68 70 63 63 65 65
67 68 70 63 65 67 67
63 67 65 65 70 65 65 67 65
67 68 70 63 65 67 65
62 63 62 70 70 70 65 65 63
67 68 67 63 63 65 67 63 63 62 65
68 69 71 64 64 66 66
68 69 71 64 66 69 68
64 68 68 66 71 66 66 68 68
68 69 71 64 66 68 66
63 64 63 71 71 71 66 66 64
68 69 68 64 64 66 68 64 64 63 66
68 69 68 64 64 66 66 64
64 63 66
59 59 59 57 59 60 59
59 60 59 57 59 59 55 55
64 62 55 60 59 60 62 59 57
59 60 59 57 59 60 59
59 60 59 57 59 59 55 55
64 62 69 67 69 71 71 71 67 67 69
67 66 64 64 64 66 64 63
59 66 67 67 69 69 67
66 67 66 64 64 64 64 64 69 69 67 69
59 62 69 67 60 60 59 59 57
66 67 69 62 62 60 60 59
59 60 62 62 64 55
64 64 66 62 57 60 59 57 57
59 62 69 67 60 60 59 59 57
66 67 69 69 69 66 69 67
64 66 67 67 67
66 64 66 67 66 67
59 59 59 57 59 60 59
59 60 59 57 59 59 55 55
64 62 55 60 59 60 62 59 57
59 60 59 57 59 60 59
59 60 59 57 59 59 55 55
64 62 69 67
69 71 71 71 67 67 69
67 66 64 64 64 66 64 63
59 66 67 67 69 69 67
66 67 66 64 64 64 64 64 69 69 67 69
59 62 69 67 60 60 59 59 57
66 67 69 62 62 60 60 59
59 60 62 62 64 55
64 64 66 62 57 60 59 57 59
59 62 69 67 60 60 59 59 57
66 67 69 69 69 66 69 67
64 66 67 67 67
66 64 66 67
75 72 72 68 61 61 60 60 58
67 68 70 63 63 61 61 60
60 61 63 63 65 56
65 65 67 63 70 73 72 70 72
70 70 72 70 68 68 70 72 70
67 68 70 70 70 67 70 68
65 67 68 67 68
67 65 67 68 67 68
49 58 58 58 59 58 56
49 59 59 59 61 59 58
54 61 61 59 58 61 59 59
54 56 58 56 56 55 58 56 56
63 63 63 63 61 61
61 66 71 70 70
61 66 70 68 68
61 65 68 66 66
66 68 66 65 66 73
73 73 75 71 70 68
71 71 73 70 68 66
70 70 71 63 70 70 71 63
63 66 65 66 70 68
61 66 71 70 70
61 66 70 68 68
61 65 68 66 66
66 68 66 65 66 73
73 73 73 75 70 68
71 71 71 70 68 66
70 70 71 63 63 65 66 65 63 65 66
58 58 59 58 56
49 59 59 59 61 59 58
54 61 61 59 58 61 59 59
54 56 58 56 56 55 56 63 63
63 63 63 63 61 61
61 66 71 70 70
61 66 70 68 68
61 65 68 66 66
66 68 66 65 66 73
73 73 75 71 70 68
71 71 73 70 68 66
70 70 71 63 70 70 71 63
63 66 65 66 70 68
61 66 71 70 70 61 66 70 68 68
61 65 68 66 66 66 68
66 65 66 73
73 73 73 75 70 68 71 71 73 70 68 66
70 70 71 63 63 65 66 65 63
61 66 71 70 70 61 66 70 68 68
61 65 68 66 66 66 68
66 65 66 73
73 73 75 71 70 68 71 71 73 70 68 66
70 70 71 63 63 65 66 65 63
65 66 70 66
66 64 62 59 64 66 62
66 64 62 59 64 66 62
66 64 62 59 64 66 62 66
64 66 62 61 61 57
66 62 66 64 62 59 57 64 66 66
66 64 62 59 57 64 62 59 61 62 66 64 62 66
64 62 64 66 64 62 69 69 66 64
66 64 62 61 62 69 64 66 62 59 62
57 59 62 69 62 62 69 69
69 69 66 64 62 64
66 67 69 69 62 62 59 64 66
61 62 64 64 61 61 57 62
66 67 69 69 62 62 62 64 61
61 57 67 67 67 64 66
66 67 69 69 62 62 59 64 66
61 62 64 64 61 57 62
69 67 66 67 66 67 69 66 62
62 62 62 62 62 59 62
62 62 62 62 62 59 62 62 59 62 62 59 62
62 62 59 64 62 62 62 62 62 62 59 62
62 62 62 62 62 59 62 62 59 62 62 59 62 62 62 59 64 62
62 62 62 62 62 59 62 62 62 62 62 62 59 62
62 59 62 62 59 62 62 62 59 64 62
62 62 62 62 69 69 62 62 62 62 69 61 62
64 62 64 66 64 62 69 69 64 64
66 64 62 61 62 69 64 66 62 59 62 57 59 62 69
62 62 71 69 69 69 66 64 62 62
66 67 69 69 62 62 59 64 66
61 62 64 64 61 61 57 62 66 67 69 69 62
62 62 64 61 61 57 67 67 67 64 64
66 67 69 69 62 62 59 64 66
61 62 64 64 61 57 62 69 67 66 67 66 67
69 66 62 61 64
66 67 69 69 62 62 59 64 66
61 62 64 64 61 61 57 62
66 67 69 69 62 62 62 64 61
61 57 67 67 67 64 66
66 67 69 69 62 62 59 64 66
61 62 64 64 61 57 62
69 67 66 67 66 67 69 66 62 61 64
59 61 61 59 61 63 63 63
63 61 59 58 58 59
54 56 59 56 59 61 63 61
56 59 61 63 61
59 59 59 59 59 61 54
63 61 59 61 63 66 63
54 61 54 58 59 61 59
63 61 61 59 61 63 56 61
63 61 61 59 61 63 68 66
71 71 70 66 61 63 66 63
63 61 61 59 61 63 56 59
63 61 61 59 61 63 56 61
54 61 63 56 61
54 63 61 63 61 63 61 63 68 66
71 71 70 66 61 63 66 63
63 61 61 59 61 63 56 59
63 61 61 59 61 63 56 61
63 61 61 59 61 63 63 68 66
63 61 59 61 63 66 63
54 61 54 58 59 61 59
63 61 61 59 61 63 56 61
63 61 61 59 61 63 68 66
71 70 61 63 66 63
63 61 61 59 61 63 56 59
63 61 61 59 61 63 56 61
56 61 63 56 61
54 63 61 63 61 63 61 63 68 66
71 71 70 66 61 63 66 63
63 61 61 59 61 63 56 59
63 61 61 59 61 63 56 61
63 61 61 59 61 63 63 68 66
54 54 63 61 59 59
58 70 69 65 62 65 65 58 60 58 60 62 62
58 70 69 65 62 65 65 60 58 60 62 57 60 58
55 62 62 60 58 60 58 62 62 58 60 60 58 60 60 58 63 62 60 62
55 62 62 62 65 65 62 62 62 60 58 60 60 62 60 58 57 58
55 62 62 60 58 60 58 62 62 58 60 60 58 60 60 58 63 62 60 62
65 65 58 67 65 62 60 58 60 58 60 62 60 58 57 57 58
55 58 65 65 65 65 70 69 65 65 60 58 60 60 60 62 63 62
55 58 65 65 65 65 70 69 65 65 60 58 60 60 62 60 58 57
58 70 69 65 62 65 65 58 60 58 60 62 62
58 70 69 65 62 65 65 60 58 60 62 57 60 58
58 70 69 65 62 65 65 60 58 60 58 60 67 65
62 60 58 58 55 58 62 60 58 58 55 58
53 60 58 58
55 62 62 60 58 60 58 62 62 58 60 60 58 60 60 58 63 62 60 62
55 62 62 62 65 65 62 62 62 60 58 60 60 62 60 58 57 58
55 62 62 60 58 60 58 62 62 58 60 60 58 60 60 58 63 62 60 62
65 65 58 67 65 62 60 58 60 58 60 62 60 58 57 57 58
55 58 65 65 65 65 70 69 65 65 60 58 60 60 60 62 63 62
55 58 65 65 65 65 70 69 65 65 60 58 60 60 62 60 57 58
58 70 69 65 62 65 65 58 60 58 60 62 62
58 70 69 65 62 65 65 60 58 60 62 57 60 58
58 70 69 65 62 65 65 60 58 60 58 60 67 65
62 60 58 58 55 58 62 60 58 58 55 58 53 60 58 58
58 70 69 65 62 65 65 58 60 58 60 62 62
58 70 69 65 62 65 65 60 58 60 62 57 60 58
58 70 69 65 62 65 65 60 58 60 58 60 67 65
62 60 58 58 55 58 62 60 58 58 55 58 53 60 58 58
65 65 65 61 61 56 63 61 60 61
58 65 65 65 61 61 63 65 63
60 58 56 68 66 65 63 63 61 60 61
63 65 66 65 61 58 65 63
65 65 65 61 61 56 63 61 60 61
58 65 65 65 61 61 63 65 63
60 58 56 68 66 65 63 63 61 60 61
63 65 66 65 61 63 65
66 65 63 61 63
56 63 65 65 61 63 65 70 70 68 63
56 63 65 65 61 63 65 73 72 73
72 68 61 68
61 60 61 63 70 68 65 61
58 65 58 68 66 65 65 66 63
61 61 63 65 61 63 65 70 70 68 63
56 63 65 65
61 63 65 73 72 73 72 68 61 68
61 60 61 63 68 68 65 61
58 63 65 66 68 66 65 65
61 63 65
65 65 65 61 61 56 63 61 60 61
58 65 65 65 61 61 63 65 63
60 58 56 68 66 65 63 63 61 60 61
63 65 66 65 61
63 65 66 65 63 61 68
56 63 65 65 61 63 65 70 70 68 63
56 63 65 65 61 63 65 73 72 73
72 68 61 68
61 60 61 63 70 68 65 61
58 66 58 68 66 65 65 66 63
61 61 63 65 61 63 65 70 70 68 63
56 63 65 65 61 63 65 73
72 73 72 68 61 68
61 60 61 63 70 68 65 72 61 63 65 66
68 66 65 65
61 63 65
63 63 65 67 63 65 67 72 70 70 65
58 65 67 67
63 65 67 75 74 75 74 70 63 70
63 62 63 65 72 70 67 63
60 68 60 70 68 67 67 68 65
63 63 65 67 63 65 67 72 72 70 65
58 65 67 67 63 65 67 75 74 75 74 70
63 62 63 65 70 70 67 63
60 65 67 68
70 68 67 67
63 63 65
55 60 62 64 62 64 65 64 60 62 60 67 67
67 64 60 60 62 64 64 62 60 60
55 60 62 64 62 64 65 64 60 62 60 67 67
67 64 60 60 62 64 65 64 62 60
63 63 60 63 60 63 60 63 60 63 63 60 63 62 60 62 63 63 63
63 65 63 70 63 70 70 63 65 65 63 63
63 70 70 63 63 60 63 60 63 63 60 63 60 63 60 63 63 65 63 67 67 68 67
70 70 70 63 65 65 63 63
63 63 58 58 56 63 63 65 65 67 67 67
63 63 58 58 56 63 63 62 62 60 58
63 63 58 58 56 63 63 65 65 67 67 67 63 63 58 58 56
60 60 60 60 62 62 55 60 64 62 64 65 64 60 62 60 67 67
67 64 60 60 62 64 65 64 62 60 60
55 60 62 64 62 64 65 60 62 67 67
67 60 60 62 64 65 64 60 60
63 63 60 63 60 63 60 63 60 63 63 60 63 62 60 62 63 63 63
63 65 63 70 63 70 70 63 65 65 63 63
63 70 70 63 63 60 63 60 63 63 60 63 60 63 60
63 63 65 63 67 67 68 67 70 70 70 63 65 65 63 63
63 63 58 58 56 63 63 65 65 67 67 67
63 63 58 58 56 63 63 62 62 60 58
63 63 58 58 56 63 63 65 65 67 67 67
63 63 58 58 56 60 60 60 60 62 62
55 60 64 62 64 65 64 60 62 60 67 67
67 64 60 60 62 64 65 64 62 60 60
55 60 62 64 62 64 65 60 62 67 67
67 60 60 62 64 65 64 60 60
55 60 62 64 62 64 65 64 60 62 60 67 67
67 64 60 60 62 64 64 62 60 60
55 60 62 64 62 64 65 64 60 62 60 67 67
67 64 60 60 62 64 65 64 62 60
58 63 63 63 63 63 58
60 63 63 65 63 62 62 63
58 63 63 63 63 63 58
60 63 65 68 67 63 65
65 65 68 67 65 62
63 63 63 63 65 63 63
63 65 67 60 63 63 62 63 58
58 63 67 68 67 65 63 62 63 65
58 63 63 63 63 63 58
60 63 63 65 63 62 62 63 63
58 63 63 63 63 63 58
60 63 63 65 67 67 63 65 65
65 65 65 68 67 65 62
63 63 63 63 65 63 63
63 65 67 68 67 65 63
63 70 66 65 63 58 60 63 63 60
60 68 67 63 65 67 65
63 63 65 67 63 63 65 67
70 67 62 63 63 63 62 63
63 63 65 67 63 63 65 67
70 67 63 65 65 65 63 60 67 65
63 63 65 67 63 63 65 67
70 70 67 62 63 63 63 63 62 65 63
63 63 65 63 63 65 67
70 70 67 63 65 65 65 65 68 67 65
67 68 67 63 63 60 62 63 65 67
67 67 68 70 68 67 63 65 70 63
58 63 63 63 63 63 58
60 63 63 65 63 62 62 63 63
58 63 63 63 63 63 58
60 63 63 65 68 67 63 65 65
65 65 65 68 67 65 62
63 63 63 63 65 63 63
63 65 67 68 67 65 63
63 70 67 65 63 58 60 63 63 60
60 68 67 63 65 67 65
63 63 65 67 63 63 65 67
70 67 62 63 63 63 62 63
63 63 65 67 63 63 65 67
70 67 63 65 65 65 63 60 67 65
63 63 65 67 63 63 65 67
70 70 67 62 63 63 63 63 62 65 63
63 63 65 63 63 65 67
70 70 67 63 65 65 65 65 68 67 65
67 68 67 63 63 60 62 63 65 67
67 67 68 70 68 67 63 65 70 63
67 67 68 70 68 67 63 65 70 63
66 68 70 61 66 70 70
68 66 68 73 73 73 73
66 65 66 66 66 66 66
66 65 66 65 63 61
61 61 63 63 63 63 63
61 58 61 58 61 68 66
61 70 70 71 73 66 66 70 68
61 61 61 61 61 63 61 58 61
54 54 54 58 58 58 59 54 54 56
58 56 54 54 54 54 54 54 54 54 49 49 58 54
54 59 59 58 59 56 54 54
61 61 61 61 61 63 61 58 61
58 58 59 66 66 66 66 58 63 61
61 61 61 63 63 63
63 61 58 61 58 61 68 66
61 70 70 71 73 66 66 70 70
66 68 70 61 66 70 70
68 66 68 73 73 73 73
66 65 66 66 66 66 66 66 65 66 65 63 61
61 61 63 63 63 63 63
61 58 61 58 61 68 66
61 70 70 71 73 66 66 70 68
66 68 70 61 66 70 70
68 66 68 73 73 73 73
66 65 66 66 66 66 66 65 66 65 66 65 63 61
61 61 63 63 63 63 63 61 58 61 58 61 68 66
61 71 71 70 71 70 66 68 66
61 61 61 61 61 63 61 58 61
58 58 59 66 66 66 66 58 63 61
61 61 61 63 63 63 63 61 58 61 58 61 68 66
61 70 70 71 73 66 66 70 68
66 68 70 61 66 70 70 68 66 68 73 73 73 73
66 65 66 66 66 66 66
66 65 66 65 63 61
61 61 63 63 63 63 63
61 58 61 58 61 68 66 61 70 70 71 60 66 66 70 68
66 68 70 61 66 70 70 68 66 68 73 73 73 73
66 65 66 66 66 66 66 65 66 65 66 65 63 61
61 61 63 63 63 63 63 61 58 61 58 61 68 66
61 71 71 70 71 70 66 68 66
66 68 70 61 66 70 70 68 66 68 73 73 73 73
66 65 66 66 66 66 66 66 65 66 65 63 61
61 61 63 63 63 63 63 61 58 61 58 61 68 66
61 70 70 71 73 66 66 70 68 66 68 70 61 66 70 70
68 66 68 73 73 73 73 66 65 66 66 66 66 66
65 66 65 66 65 63 61 61 61 63 63 63 63 63
61 58 61 58 61 68 66 61 71 71 70 71 70 66 68 66
54 59 61 61 63 63 61 63 63 61 63 66 63 59
59 54 56 63 61 59 61 63
54 59 61 61 63 63 61 63 63 61 63 66 63 59
59 54 56 63 61 59 61 59
59 58 56 59 61 59 61 63 66 66 63 59
59 54 56 59 61 63 61 61 63
59 54 56 59 61 63 59 61 63 66 66 63 68
63 61 59 63 61 61 59 61 59
60 59 63 64 66 63 64 66 68 70 71 63 63 64 66
68 66 64 66 71 71 68 68 70 71 70
63 64 66 68 70 71 70 68 66
64 66 68 64 66 71 71
71 70 66 59 63 61 59
54 59 61 61 63 63 61 63 63 61 63 66 63 59
59 54 56 63 61 60 59 63
54 59 61 61 63 63 61 63 63 61 63 66 63 59
59 54 56 63 61 59 61 59 59 58 56 59 61
59 61 63 66 66 63 59 59 54 56 59 61 63 61 59 61 63
59 58 56 59 61 63 61 61 63 66 66 63 68
63 61 59 63 61 61 59 61 59
59 63 64 66 59 63 64 66
68 70 71 63 63 64 66 68 66 64 66 71 71
68 68 70 71 70 63 64 66 68 70 71 70 68 66
64 66 68 64 66 71 71
71 70 66 59 63 61 59
60 64 65 67 60 64 65 67 69 71 72 64 64 65 67
69 67 65 67 72 72 69 69 71 72 71
64 65 67 69 71 72 71 69 67 65 67 69 65 67 72 72
72 71 67 60 64 62 60
64 64 65 67 69 67 65 67 72 72
69 69 71 72 71
64 65 67 69 71 72 71 69 67
65 67 69 65 67 72 72
72 71 67 60 64 62 60
72 71 67 60 64 62 60
53 62 62 60 62 62 60 62
62 60 62 57
53 62 60 62 62 60 62
62 60 62 57
62 65 62 65 58 58 60 60
62 65 62 65 57 57 53 58
62 65 62 65 58 58 53 60 58
60 58 57 55
62 65 62 65 58 58 60 60
69 69 69 69 65 65 60 62
62 62 65 58 58 53
60 58 60 58 57 55
58 60 62 58 60 62 58 65 65 65 62 60 58
58 55 57 58 55 62 62 62 57 55 53
58 55 57 58 53 67 65 65 62 58
60 62 55 62 62 62 62 60 58 62
58 60 62 58 60 62 58 65 65 65 62 60 58
55 57 58 55 62 62 62 57 55 53
58 55 57 58 53 67 65 69 70
65 58 55 62 55 57 58
53 62 62 60 62 62 60 62 62 60 62
53 62 62 60 62 62 60 62
62 60 62 57
62 65 62 65 58 58 60 60
69 69 69 69 65 65 60 62
62 62 65 58 58 53
60 58 60 58 57 55
58 60 62 58 60 62 58 65 65 65 62 60 58
57 55 57 58 55 62 62 62 57 55 53
58 55 57 58 53 67 65 65 62 58
60 62 55 62 62 62 62 60 58 62
58 60 62 58 60 62 58 65 65 65 62 60 58
55 57 58 55 62 62 62 57 55 53
58 55 57 58 53 67 65 69 70
65 58 55 62 55 57 58
62 55 58 57 58 58
55 56 58 58 58 58 60 62 63
63 62 65 60 58 58 65 63 67 67
63 65 67 67 67 68 67 65 67 63
60 62 63 65 63 63 60 67 67 65
55 56 58 58 58 58 60 62 58 65
63 62 65 60 58 58 65 63 67 67
63 65 67 67 67 68 67 65 67 63
60 62 63 65 63 63 60 67 67 65
55 58 63 67 67 68 65
65 70 62 63 67 68 70 63
63 65 67
55 58 63 67 67 68 65
65 70 62 63
67 68 70 63 63 65 63
55 56 58 58 58 58 60 62 63
63 62 65 60 58 58 65 63 67 67
63 65 67 67 67 68 67 65 67 63
60 62 63 65 63 63 60 60 67 65
55 58 63 67 67 68 65
65 70 62 63
67 68 70 63 63 65 67
55 58 63 67 67 68 65
65 70 62 63
67 68 70 63 63 65 63
72 70 67 65 67 68 65
72 70 62 63
67 68 70 63 63 65 67 67
58 63 67 67 68 65
65 70 62 63
67 68 70 63 63 63
67 65 63 65 68
64 63 63 65 68 61
69 68 63 65 68 68
63 63 63 65 68
63 65 65 68 65 63 61 63 63 70 68
73 72 70 68 70 68 65 63 68 65
63 65 68 68 61 63
68 65 63 65 61 58
56 58 61 63 65 68 58 65 63
63 65 65 68 65 63 61 63 63 70 68
61 60 70 68 70 68 65 63 68 65
63 65 70 61 63
68 65 63 65 61 58
56 58 61 63 65 68 58 63 61
68 65 63 65 68
64 63 63 65 68
63 65 68 68 58
63 63 63 65 68
63 65 65 68 65 63 61 63 63 70 68
73 72 70 68 70 68 65 63 68 65
63 65 68 68 61 63
68 65 63 65 61 58
56 58 61 63 65 68 58 65 63
63 65 65 68 65 63 61 63 63 68 68
73 72 70 68 70 68 65 63 68 65
63 65 70 61 63
68 65 63 65 61 58
56 58 61 63 65 68 58
57 58 61 63 65 68
58 63 61
57 57 64 64 64 62 64 64 62 64 62 62
57 57 64 64 64 62 64 64 62 64 66 62
66 66 67 66 62 62 59 67 66 62 62 59
62 62 58 57
57 57 64 64 64 62 64 64 62 64 62 62
57 57 64 64 64 62 64 62 64 62 64 69 62
66 66 69 67 66 66 62 69 67 67 66 62
62 62 57 62
66 67 69 69 69 69 69 61 61
66 67 69 69 69 69 69 71 62
66 66 67 66 62 62 62 62 62 59 62
62 62 69 67 66 67 66 62 59 62
66 66 67 69 66 69 69 69 66 64
62 62 74 73 71 71 69 69 66 71 69 66 69
69 69 66 67 67 66 64 62
59 62 64 64 64 66 64 66 64 59 64
66 66 67 69 66 69 69 69 66 64
62 62 74 73 71 73 71 69 69 66 71 69 66 69
69 69 66 67 67 66 64 62
59 62 67 66 62 67 66 62 59 64 62
66 66 67 69 66 69 69 69 66 64
62 62 74 73 71 71 69 69 66 71 69 66 69
69 69 66 67 67 66 64 62
59 62 64 64 64 66 64 66 64 59 64
66 66 67 69 66 69 69 69 66 64
62 62 74 73 71 73 71 69 69 66 71 69 66 69
69 69 66 67 67 66 64 62
59 62 67 66 62 67 66 62 59
59 62 67 66 62 67 66 62 59
63 63 62 62 58 51 60
63 63 62 62 58 51 58
63 63 62 62 63 65 65
63 63 62 62 63 65 65 63 67
63 63 63 65 63 65
63 63 65 63 65 63 70
67 65 63 63 62 63 65 65
63 63 62 63 65 63 68 67 68 67 68 67 68 67 67 69
67 68 70 63 69 63 62 60 62 63 72 70
65 67 68 67 70 62 60 58 60 62 70 67
65 67 68 67 68 67 68
65 67 68 67 68 67 68 70
67 68 70 63 69 63 62 60 62 63 74 70
65 67 68 67 70 70 67 70 67 70 72 72
67 67 65 65 67 68 68
63 63 62 62 63 65 64 63
67 68 70 63 69 63 62 60 62 63 72 70
65 67 68 67 70 62 60 58 60 62 70 67
65 67 68 67 68 67 68 65 67 68 67 68 67
68 70 69
67 68 70 63 70 63 62 60 62 63 74 70
65 67 68 67 70 70 67 70 67 70 72 72
67 67 65 65 67 68 68
63 63 62 62 63 65 65 63
63 65 67 68
63 63 62 62 63 65
64 57 64 62 55 64 64 59 59 60
57 64 57 64 62 62 60 67 62 62 64
57 64 57 64 64 64 62 64 59 60 60
57 64 57 64 62 62 59 60 57
64 57 64 62 55 64 64 64 59 59 60
57 57 64 64 64 57 62 60 60 67 64
57 57 64 64 64 57 64 64 62 62 59 59 60
57 64 64 64 57 62 59 60 57
64 57 64 62 60 60 62 64 64 64 59 60
57 57 64 64 64 64 62 60 60 59
57 64 64 57 64 62
60 62 64 64 59 60
64 64 64 57 62 59 60 57
64 64 69 67 62 62 64 64 59 60
57 57 69 69 69 69 67 62 64
64 64 69 67 62 64 64 59 60
57 57 64 57 64 62 62 59 55 60
64 57 64 62 60 62 64 64 59 60
57 57 69 69 69 69 67 62 67 62
64 64 69 67 62 64 64 59 60
57 57 64 64 64 57 62 59 60 59
64 57 64 62 60 62 64 64 59 60
57 57 69 69 69 69 67 62 67
64 64 69 67 62 64 64 59 60
57 57 64 57 64 64 64 62
62 59 60 60
59 61 59 61 59 61 61 59 57 57 59 57
54 54 59 59 59 59 59 59 59 61 64 61
59 61 59 61 59 61 61 61 61 59 57 59
54 54 59 59 59 59 59 59 59 57 54
62 62 62 62 57 61 59
61 61 61 61 61 56 59 57 56 57
54 57 57 57 59 59 57 54 57 54
69 69 69 69 69 68
68 68 68 68 68 61 71 69 68 68 69
69 69 69 69 69 68
68 68 68 68 68 61 71 69 68 69
69 69 69 73 73 71
68 68 68 68 68 61 71 69 68 71 69
69 69 69 73 73 71
68 68 68 68 68 61 71 69 68 69 66
69 68 69 68 64 66
61 59 61 59 61 61 61 64 57
56 56 56 56 56 56 56 59 61 61
59 61 59 61 59 59 57 54 57
54 54 59 59 57 59 57 54
62 62 62 62 57 61 59
61 61 61 61 56 59 57 56 59 57
54 57 57 57 57 59 59 57 54 52 54
69 69 69 69 69 68
68 68 68 68 68 61 71 69 68 68 69
69 69 69 69 69 68
68 68 68 68 68 62 71 69 68 69
69 69 69 73 73 71
68 68 68 68 68 61 71 69 68 71 69
69 69 69 73 73 71
68 68 68 68 68 61 71 69 68 69 66
69 68 69 68 64 66
69 68 66 69
68 69 68 64 66
63 60 63 58 60 58 56
56 55 53 55 56 55 56 58 60
63 60 63 58 60 58 56
56 55 53 55 56 55 56 56
63 60 63 58 60 58 56
56 55 53 55 56 55 56 58 60
63 60 63 70 68 67 68
55 53 55 56 55 58 56
63 65 67 68 67 68 67 65 63 65 63
56 58 60 61 60 61 63 56 58 60 60
63 65 67 68 67 68 70 68 70 72 63
56 58 60 61 60 61 58 56 55 56
63 60 63 58 60 58 56
56 55 53 55 56 55 56 58 60
63 60 63 70 68 67 68
55 53 55 56 55 58 56
63 65 67 68 67 68 67 65 63 65 63
56 58 60 61 60 61 63 56 58 60 60
63 65 67 68 67 68 70 68 70 72 63
56 58 60 61 60 61 58 56 55
63 65 67 68 67 68 67 65 63 65 63
56 58 60 61 60 63 56 56 65 63
63 65 67 68 67 68 70 68 70 72 63
56 58 60 61 60 61 63 56 56 58 56
63 65 67 68 67 68 67 65 63 61 63
58 56 58 58 56 58 58 56 58 61
56 54 56 56 54 56 56 54 56 61
59 58 59 54 58
58 56 58 58 56 58 58 56 58 61
56 54 56 56 54 56 56 54 56 58
58 58 59 58 59 66 65
61 63 61 63 61 63 61 63 70
61 63 61 63 61 63 61 61 68
61 63 61 63 61 63 61 61 66
70 63 58 61
61 63 61 63 61 63 61 63 70
61 63 61 63 61 63 61 61 68 70
66 66 63 66 66 66 63 66 68 68
61 63 61 63 61 63 61 63 70
61 63 61 63 61 63 61 61 68
61 63 61 63 61 63 61 61 66
70 63 58 61
61 63 61 63 61 63 61 63 73
61 63 61 63 61 63 61 61 68 70
66 63 70 66 63 70 66
61 63 61 63 61 63 60 63 68
61 63 61 63 61 63 61 61 68
61 63 61 63 61 63 61 61 66
70 63 58 61
61 63 61 63 61 63 61 63 70
61 63 61 63 61 63 61 61 68 70
66 66 63 66 66 66 63 66 68 68
61 63 61 63 61 63 61 63 70
61 63 61 63 61 63 61 61 68
61 63 61 63 61 63 61 61 66
70 63 58 61
61 63 61 63 61 63 61 63 73
61 63 61 63 61 63 61 61 68 70
66 63 70 66 63 70 66
61 63 61 63 61 63 61 63 70
61 63 61 63 61 63 61 61 68
61 63 61 63 61 63 61 61 66
70 63 58 61
61 63 61 63 61 63 61 63 70
61 63 61 63 61 63 61 61 68 70
66 66 63 66 66 66 63 66 68 68
61 63 61 63 61 63 61 63 70
61 63 61 63 61 63 61 61 68
61 63 61 63 61 63 61 61 66
70 63 58 61
61 63 61 63 61 63 61 63 73
61 63 61 63 61 63 61 61 68 70
66 63 70 66 63 70 66
61 63 65 65 65 65 65 63 61 65 63 63 60 58 56
58 60 61 61 61 61 61 60 58 61 60 60 53 56
56 58 54 53 51
58 56 53 51 49
51 53 54 54 54 54 54 56 58 61 60 58 56
61 63 65 65 65 65 65 63 61 65 63 63 60 58 56
58 60 61 61 61 61 61 60 58 61 60 60 53 56
56 58 54 53 51
58 56 60 61
58 56 58 58 60 61 58 63
56 56 56 65 65
65 63 61 68 63
65 63 61 61 61 61 73 73 72 70 68 70 68
61 61 61 61 70
61 61 61 61 68
61 61 61 66 66 66 68 70 73 65 63
56 56 56 65 65
65 63 61 68 63
65 63 61 61 61 61 73 73 72 70 68 70 68
61 61 61 61 68
70 72 73 73 68
61 61 61 66 66 66 68 73 65 63
66 65 61 61
61 63 65 65 65 65 65 63 61 65 63 63 60 58 56
58 60 61 61 61 61 61 60 58 61 60 60 53 56
56 58 54 53 51 58 56 60 61
58 56 58 58 60 61 58 63
56 56 56 65 65 65 63 61 68 63
65 63 61 61 61 61 73 73 72 70 68 70 68
61 61 61 61 68 61 61 61 61 68
61 61 61 66 66 66 68 70 73 65 63
56 56 56 65 65 65 63 61 68 63
65 63 61 61 61 61 73 73 72 70 68 70 68
61 61 61 61 68 70 72 73 73 68
61 61 61 66 66 66 68 73 65 63
56 56 56 65 65 65 63 61 68 63
65 63 61 61 61 61 73 73 72 70 68 70 68
61 61 61 61 70 61 61 61 61 68
61 61 61 66 66 66 68 70 73 65 63
56 56 56 65 65 65 63 61 68 63
65 63 61 61 61 61 73 73 72 70 68 70 68
61 61 61 61 70 70 72 73 73 68
61 61 61 66 66 66 68 73 65 63
66 65 61 61
56 66 65 61 61
61 63 65 65 65 65 65 63 61 65 63 63 60 58 56
58 60 61 61 61 61 61 60 58 61 60 60 53 56
56 58 54 53 51
58 56 53 51 49 51 53 54 54 61
51 53 54 63 58 61
62 62 64 61 61 61 61 59
59 59 59 59 55 55 66
62 62 64 61 61 61 61 59
59 59 59 59 55 55 67 66
62 62 62 64 62 62 62 62 64 61
61 61 61 61 57 55 55 54 54
62 62 64 62 62 62 62 64 64
64 64 62 64
66 62 62 57 54 57 64 66 64
66 62 62 57 54 57 64 66 62
66 62 62 57 54 57 64 66 64
66 62 62 57 57 54 57 66 62
62 62 64 61 61 61 61 59
59 59 59 59 55 55 67 66
62 62 64 61 61 61 61 59
59 59 59 59 55 55 67 66
62 62 62 64 62 62 62 62 64 61
61 61 61 61 57 55 55 54 54
62 62 64 62 62 62 62 64 64
64 64 62 64
66 62 62 57 54 57 64 66 64
66 62 62 57 54 57 64 66 62
66 62 62 57 54 57 64 66 64
66 62 62 57 57 54 57 66 62
66 62 62 57 54 57 64 66 64
66 62 62 57 54 57 64 66 62
66 62 62 57 54 57 64 66 64
66 62 62 57 57 54 57 66 62
69 65 65 60 57 60 67 69 67
69 65 65 60 57 60 67 69 65
69 65 65 60 57 60 67 69 67
69 65 65 60 60 57 60 69 65
49 58 56 58 61 61 58 56 54 54
54 63 61 63 66 66 61 61 58 56
54 58 56 58 61 62 58 56 54 54
61 63 61 63 58 58 56 54 54
49 58 56 58 61 61 58 56 54 54
63 61 66 66 61 61 58 56
49 58 56 58 61 62 62 63 65 65
61 63 61 63 61 63 61 63 66 66
63 65 66 65 66 68 65 63 65 66 63 61 61 59 61
63 65 66 65 66 68 65 63 65 66 63
63 65 66 65 66 68 65 63 65 66 63 61 61 59 61
63 65 66 65 66 68 70 68 68 66 68
63 73 70 66 68
61 73 70 61 66
63 73 70 66 65 66 68 71 70 70
63 73 70 66 68
61 73 70 61 66
63 73 70 66 65 66 66
49 58 56 58 61 61 58 56 54 54
54 63 61 63 66 66 61 61 58 56
49 58 56 58 61 62 62 63 65 66
61 63 61 63 61 63 61 63 66 66
63 65 66 65 66 68 65 63 65 66 63 61 61 59 61
63 65 66 65 66 68 65 63 65 66 63
63 65 66 65 66 68 65 63 65 66 63 61 61 59 61
63 65 66 65 66 68 70 68 68 66 68
63 73 70 66 68
61 73 70 61 66
63 61 70 66 65 66 68 71 70 70
63 73 70 66 68
61 73 70 49 61
63 73 70 66 65 66 66
63 73 70 66 68
61 73 70 61 66
63 73 70 66 65 66 68 71 70 70
63 73 70 66 68
61 73 70 61 66
63 73 70 66 65 66 66
63 73 70 66 68
61 73 70 61 66
63 73 70 66 65 66 66
63 63 63 66 66 64 63
63 63 61 59
61 61 59 63
63 63 63 66 66 68 68
63 63 61 59 59 61 66
64 64 64 66 66 66 68 66
64 64 64 66 66 66 63 63
64 64 64 64 66 66 66 66 68 66 68 61
63 61 61 61 59 61 61 61 63 63 61
63 63 63 63 66 66 66 64 63
63 61 59 59 61 61
61 59 63
63 63 63 66 66 66 68 68
63 61 59 59 59 61 66 61 59
63 63 63 66 66 64 63
63 63 61 59 61 61 59
63 63 63 66 66 68 68
63 63 61 59 59 61 66
64 64 64 66 66 66 68 66
64 64 64 66 66 66 61 63
64 64 64 64 66 66 66 66 68 66 68 61
63 61 61 61 59 61 61 61 63 63 61
63 63 63 63 66 66 66 64 63
63 61 59 59 61 61 61 59
63 63 63 66 66 66 68 68
63 61 59 59 59 61 66 61 59
63 61 59 59 59 61 66 61 59
62 62 53 62 62 62 62 62 62
60 60 58 60 60 58 60 58 60 58 58 53
58 58 58 58 58 58 58 53
58 58 62 60 62 62 62 55 55 53
62 62 62 62 62 62 62 62
60 60 58 60 60 58 60 62 55 58
60 60 60 58 60 60 62 60 58
58 60 61 63 65 65 65 66 65 63 61 63
60 61 63 63 63 63 65 63 61 61 61
58 60 61 61 61 61 61 61 56 61 58 56 58
61 63 65 65 65 65 66 65 63 62 63
60 61 63 63 63 63 63 65 63 61 61 61
58 60 61 58 61 61 61 61 61 61 65 65 63 61 61
62 62 53 62 62 62 62 62 62
60 60 58 60 60 58 60 58 60 58 57 53
58 58 58 58 58 65 58
65 58 62 62 62 62 62 55 55 53
62 62 62 62 62 62 62 62
58 60 60 58 60 60 60 58 60 60 62 55 58
65 58 58 55 58 60 60 62 55 60
65 65 65 65 65 65 65 65 58 65
63 63 63 63 63 63 63 63 57 63 62 63 65
65 65 65 65 66 65 63 61 63
60 61 63 63 63 63 61 61 61
58 60 61 61 61 61 61 61 61 61 61 58 56 58
61 63 65 65 65 66 65 63 61 63
60 61 63 63 63 63 63 61 58 61
58 60 61 58 61 61 61 61 63 63 61
62 62 53 62 62 62 62 62 62
60 60 58 60 60 58 60 58 60 58 58 53
58 58 58 58 58 58 58 53
58 58 62 60 62 62 62 55 55 53
62 62 62 62 62 62 62 62
60 60 58 60 60 58 60 62 55 58
60 60 60 58 60 60 62 60 58
60 60 60 58 60 60 62 60 58
64 64 64 64 60 60 64 64
60 60 60 62 59 59 62 60
64 64 64 65 60 60 62 64
64 64 64 62 64 62 62 62 67 67
60 69 67 65 64 62
62 62 62 67 67 65 64 62 60 67
69 68 69 68 66 64 68 69 68 69 71
69 68 69 68 66 64 69 69 71 71
69 68 69 68 66 64 69 68 69 68 69 71
69 68 69 68 69 71 71 64 71 71 69
70 69 70 69 67 65 69 70 69 70 72
70 69 70 69 67 65 70 70 72 72
70 69 70 69 67 65
70 69 70 69 70 70 70
69 70 69 70 72 72
65 72 72 69 69 69
59 59 61 61 64 63 61 59 54 56
56 59 61 61 64 63 59 64 66 68
71 68 68 66 64 66
63 64 66 63 59 61
56 59 61 61 68 66 64 63 59 61
56 56 59 61 61 64 63 61 59 61 56
56 59 61 61 64 63 59 64 66 68
71 68 68 66 64 66
64 63 64 66 63 59 61
56 59 61 61 68 66 64 63 59 61
68 68 66 64 66 66 71 68
71 68 68 66 64 66 71 73 66 68
71 68 68 66 64 66
64 63 64 66 63 59 61
56 59 61 61 68 66 64 63 59 61
59 59 61 61 64 63 61 59 54 56
56 59 61 61 64 63 59 64 66 68
71 68 68 66 64 66
63 64 66 63 59 61
56 59 61 61 68 66 64 63 59 61
56 56 59 61 61 64 63 61 59 61 56
56 59 61 61 64 63 59 64 66 68
71 68 68 65 64 65
64 63 64 66 63 59 61
56 59 61 61 68 66 64 63 59 61
68 68 66 64 66 66 71 68
71 68 68 66 64 66 71 73 66 68
71 68 68 66 64 66
64 63 64 66 63 59 61
56 59 61 61 68 66 64 63 59 61
56 56 59 61 61 64 63 61 59 61 56
56 59 61 61 64 63 59 64 66 68
71 68 68 66 64 66
64 63 64 64 66 59 61
56 59 61 61 68 66 64 63 59 61
68 68 66 64 66 66 71 68
71 68 68 66 64 66 71 73 66 68
71 68 68 66 64 66
64 63 64 66 63 59 61
56 59 61 61 68 66 64 59 61
59 68 66 64 66 68
59 68 66 64 64 64
59 68 68 68 68 66 66 59 66 66 66 66 68 64 64
61 61 61 64 68 61 61 64 68 59 66 64
59 68 68 68 68 68 66 66
59 66 66 66 66 68 64 64
61 61 64 68 61 64 66
64 66 68 71 71 68 64 66 71 71
64 66 68 68 71 69 68 66 64 64
68 71 69 68 66 64 68 71 71 64 66 71 73
64 66 68 71 69 68 66 64 61 61 63 64
71 68 71 68 66 71 69 68 71 69 68 64 66 64
59 68 66 64 66 68 59 68 66 64 66 64
71 68 71 68 66 71 69 68 71 69 68 64 66
59 68 66 64 66 68 59 68 66
64 64 64
59 68 68 68 68 68 66 66 59 66 66 66 66 68 64
61 61 61 64 68 61 61 64 68 59 66 64
59 68 68 68 68 68 66 66 66 66 66 68 64 64
61 61 61 64 68 61 64 66
64 66 68 71 71 68 64 66 71 71
64 66 68 68 71 69 68 66 64 64 68 71 69 68 66 64
68 71 71 64 66 71 73 64 66 68
71 69 68 66 64 61 61 63 64
71 68 71 68 66 71 69 68 71 69 68 64 66 64
59 68 66 64 66 68 59 68 66 64 64 64
71 68 71 68 66 71 69 68 71 69 68 64 66
59 68 66 64 66 68 59 68 66 64 66 64
59 64 61 59 64 64 59 64 64 61 59 66 68
61 64 64 61 64 64 61 64 64 61 64 64 61 64 64 61 64
59 71 71 71 68 66 59 71 71 68 71 73
64 61 64 66 64 61 63 64 66
71 68 71 68 66 71 69 68 71 69 68 64 66 64
59 68 66 64 66 68 59 68 66 64 66 64
71 68 71 68 66 71 69 68 71 69 68 64 66
59 68 66 64 66 68 59 68 66 64 64 64
71 68 71 68 66 71 69 68 71 69 68 64 66 64
59 68 66 64 66 68 59 68 66 64 66 64
71 68 71 68 66 71 69 68 71 69 68 64 66
59 68 66 64 66 68 59 68 66 64 64 64
69 69 69 68 66 66 64 66 64 64 62 61 64
57 66 66 66 66 64 69
61 61 59 59 57 59
61 59 57 56 57 64 64
64 57 66 64 64 62 64
66 68 69 69 69 64 62 61 59 57
69 69 69 68 66 66 64 66 64 64 62 61 64
57 66 66 66 66 64
69 61 61 59 59 57 59
61 59 57 56 57 64 64
64 57 66 64 64 62 64
66 68 69 69 69 64 64 62 61 62 59
61 61 64 71 73 64 68 68 69 66
62 62 76 74 66 69 69 68
64 64 61 71 69 71 73 71 69 61
69 68 64 69 68 68 64 73 73 74 71
61 61 64 71 73 64 68 68 69 66
62 62 76 74 66 69 69 68
64 64 61 71 69 71 73 71 69 69
66 76 74 73 71 69 69
69 69 69 68 66 66 64 66 64 64 62 61 64
57 66 66 66 66 64
69 61 61 59 59 57 59
61 59 57 56 57 64 64
64 57 66 64 64 62 64
66 68 69 69 69 64 64 62 61 62 59
61 61 64 71 73 64 68 68 69 66
62 62 76 74 66 69 69 68
64 64 61 71 69 71 73 71 69 61
69 68 64 69 68 68 64 73 73 74 71
61 61 64 71 73 64 68 68 69 66
62 62 76 74 66 69 69 68
64 64 61 71 69 71 73 71 69 69
66 76 74 73 71 69 69
61 61 64 71 73 64 68 68 69 66
62 62 76 74 66 69 69 68
64 64 61 71 69 71 73 71 69 69
66 76 74 73 71 69 69
66 66 66 66 66 64 62 61 62
62 62 62 62 61 57 57 59 59
59 59 57 57 57 62
64 64 64 62 66 64 64 62 61 62
66 66 66 66 66 64 64 61 62
62 62 62 62 61 57 57 61 59
59 59 57 57 62
62 66 64 64 62 66 64 62 61 62
69 69 69 69 69 67 67 66 64 66
66 66 66 66 66 64 62 61 62
59 59 57 57 62 62 66 64 64 62 66 64 62 61 62
69 69 69 69 69 67 67 66 64 66
66 66 66 66 66 64 62 61 62
69 66 64 62 62 66 64
64 66 64 64 62 61 64
66 66 66 66 66 64 62 61 62
62 62 62 62 61 57 57 59 59
59 59 57 57 57 62
64 64 64 62 66 64 64 62 61 62
66 66 66 66 66 64 64 64 62
62 62 62 62 61 57 57 59 59
59 59 57 57 62
62 64 64 64 62 64 64 62 61 62
69 69 69 69 69 67 67 66 64 66
66 66 66 66 66 64 62 61 62
59 59 57 57 62 62 66 64 64 62 64 64 62 61 62
69 69 69 69 69 67 67 66 64 66
66 66 66 66 66 64 62 61 62
69 66 64 62 62 66 64
64 66 64 62 62 61 64
69 69 69 69 69 67 67 66 64 66
66 66 66 66 64 64 62 61 62
59 59 57 57 62 62 66 64 64 62 64 64 62 61 62
69 69 69 69 69 67 67 66 64 66
66 66 66 66 64 64 62 61 62
69 66 64 62 62 66 64
64 66 64 64 62 61 64
69 69 69 69 69 67 67 66 64 66
66 66 66 66 64 64 62 61 62
59 59 57 57 62 62 66 64 64 62 66 64 62 61 62
69 69 69 69 69 67 67 66 64 66
66 66 66 66 64 64 62 61 62
69 66 64 62 62 66 64
64 66 64 64 62 61 64
54 56 59 58 58 58 59 61 59
58 54 54 56 59 58 58
58 56 54 51 56 56
54 56 59 58 58
58 59 61 59 58 54 61
59 58 66 58 56 56 54 54
54 56 59 58 58
58 59 59 59 58 54
54 56 58 58 58
58 56 54 58 54 56
54 56 59 61 58
58 59 61 59 58 54 68
59 58 66 58 58 56 66 65 65
68 68 66 63 68 68
68 68 66 61 68 68 66 66
70 68 66 63 68 68
66 71 70 68 66 61 71 70 70 68 68
70 71 70 75 70 70 68 68
68 70 68 73 68 68 65 66 61 58 59 66 66
68 71 70 68 66 66
54 56 59 58 58
58 59 61 59 58 54
54 56 58 58 58
58 56 54 58 54 56
54 56 59 61 58
58 59 61 59 58 54 68
59 58 66 58 58 56 66 65 65
70 68 66 63 68 68
68 68 66 61 68 68 66 66
70 68 66 63 68 68
66 71 70 68 66 61 71 70 70 68 70
70 71 70 75 70 70 68 68
68 70 68 73 68 68 65 65
61 58 59 66 66 68 71 70 68 66 66
68 68 66 63 68 68
68 68 66 61 68 68 66 66
70 68 66 63 68 68
66 71 70 68 66 61 71 70 70 68 70
70 71 70 75 70 70 68 68
68 70 68 73 68 68 65 68
61 58 59 66 66 68 71 70 68 66 66
57 59 61 59 61 59 61 59 61 57 59 64 64
61 64 66 66 66 66 64 61 59 61
61 64 69 66 66 64 64 61 61 59 57
54 57 59 59 59 59 59 61 57 59
57 59 61 59 61 59 61 59 61 57 59 64 64
61 64 66 66 66 64 64 64 64
61 64 69 66 66 64 66 64 64 61 59 57
54 57 59 59 59 59 59 61 57 57
52 59 57 59 57 59 61 57 59 57 59 57 59 61
59 57 57 57 57 54 59
52 54 57 59 57 52 57
54 54 62 61 57 61 59
52 59 57 59 57 59 61 57 59 57 59 57 59 61
54 57 54 57 59 64 61
52 54 57 59 57 52 57
54 54 62 61 57 59 57
61 59 57 56 57 64 64
61 62 64 62 62 61 59 61
59 61 62 61 57 54 59 61 59
54 54 66 66 66 61 64
57 59 61 59 61 59 61 59 61 57 59 64 64
61 64 66 66 66 66 64 61 59 61
61 64 69 66 66 64 64 61 61 59 57
54 57 59 59 59 59 59 61 54 59
57 59 61 59 61 59 61 59 61 57 59 64 64
61 64 66 66 66 64 64 66 64
61 64 69 66 66 64 66 64 64 61 59 57
54 57 59 59 59 57 59 61 57 59
61 59 57 56 57 64 64
61 62 64 62 62 61 59 61
59 61 62 61 57 54 59 61 59
54 54 66 66 66 61 64
57 59 61 59 61 59 61 59 61 57 59 64 64
61 64 66 66 66 66 64 61 59 61
61 64 69 66 66 64 64 61 61 59 57
54 57 59 59 59 57 59 61 54 59
57 59 49 59 48 59 61 59 61 57 59 64 64
61 64 66 66 66 64 64 66 64
61 64 69 66 66 64 66 64 64 61 59 57
54 57 59 59 59 59 59 61 57 57
61 59 57 59 61 64 61
61 66 66 66 59 61
61 64 69 66 66 64 64 61 59 57
54 57 59 59 59 57 59 61 57 59
57 59 61 59 61 59 61 59 61 57 59 64 64
61 64 66 66 66 64 64 66 64
61 64 69 66 66 64 66 64 64 61 59 57
54 57 59 59 59 59 59 61 57 57
67 67 65 63 62 65 63
63 63 62 58 58 62 60
62 63 58 58 56 55 56 55 56 63 63 62 60 58
67 65 63 62 65 63
63 63 72 70 67 65 63
63 62 63 58 65 63 65 67 68 67 68 63 63
63 62 63 62 63 72 70 62
60 63 63 68 67
68 67 65 63 62 63 62 63 65
67 68 67 65 65 63 63 62 63
63 65 63 70 63 67 65
62 63 62 70 62 65 63
63 70 68 68 67 67 65 63
67 68 67 68 67
63 65 63 70 63 67 65
63 72 70 65 67 68 67
63 62 70 70 63 62 65 63
67 67 65 63 62 65 63
63 63 62 58 58 62 60
62 63 58 58 56 55 56 55 56 63 63 62 60 58
67 65 63 62 65 63
63 63 64 70 67 65 63
63 62 63 58 65 63 65 67
68 67 68 63 63
63 62 63 62 63 72 70 62
60 63 63 68 67
68 67 65 63 62 63 62 63 65
67 68 67 65 65 63 63 62 63
63 65 63 70 63 67 65
62 63 62 70 62 65 63
63 70 68 68 67 67 65 63
67 68 67 68 67
63 65 63 70 63 67 65
63 72 70 65 67 68 67
63 62 70 70 63 62
68 67 68 67 65 63 63 63 65 67 65
68 67 68 67 65 63 63 70
63 65 63 70 63 67 65
62 63 62 70 62 65 63
63 70 68 68 67 67 65 63
67 68 67 68 67
63 65 63 70 63 67 65
63 72 70 65 67 68 67
63 63 70 70 63 62 65 63
58 67 67 58 58 65 65 63 63 63 65 67 58
60 63 63 60 58 67 67 65 63 63 60 65
58 67 67 58 58 65 65 63 63 63 60 58 67 67
60 68 68 60 58 67 67 65 63 63 60 63
58 70 58 58 70 58 65 63 60 63 63 63 67 70
63 60 63 63 63 72 70 67 67 67 63 60 67 67 67 65
58 70 58 58 70 58 65 63 60 63 63 72 70
60 63 63 72 70 67 67 67 63 60 67 65 65 63
58 67 67 58 58 65 65 63 63 63 65 67 58
60 63 63 60 58 67 67 65 63 63 60 65
58 67 67 58 58 65 65 63 63 63 60 58 67 67
60 68 68 60 58 67 67 65 63 63 60 63
58 70 58 58 70 58 65 63 60 63 63 63 67 70
63 60 63 63 63 72 70 67 67 67 63 60 67 67 67 65
58 70 58 58 70 58 65 63 60 63 63 72 70
60 63 63 72 70 67 67 67 63 60 67 65 65 63
58 70 58 58 70 58 65 63 60 63 63 63 67 70
63 60 63 63 63 72 70 67 67 67 63 60 67 67 67 65
58 70 58 58 70 58 65 63 60 63 63 72 70
60 63 63 72 70 67 67 67 63 60 67 67 67 65
58 70 58 58 70 58 65 63 60 63 63 63 67 70
63 60 63 63 63 72 70 67 67 67 63 60 67 67 67 65
58 70 58 58 70 58 65 63 60 63 63 72 70
60 63 63 72 70 67 67 67 63 60 67 65 65 63
60 63 63 72 70 67 67 67 63 60 67 65 65 63
62 60 62 63 65 62 55
62 60 62 63 65 70 67
65 67 60 68 63 67 55
55 58 60 67 65 62 60
62 60 62 63 65 62 55
62 60 62 63 65 70 67
65 67 60 67 63 67 72
60 62 63 70 62 63 60
70 63 62 62 62 72 74 70 63
60 62 63 72 70 67 65 65 67 70 67
72 63 62 62 62 72 74 70 63
60 62 63 70 62 63
62 60 62 63 65 62 55
62 60 62 63 65 70 67
65 67 60 68 63 67 72
60 62 63 70 62 63 60
70 63 62 62 62 72 74 70 63
60 62 63 72 70
67 65 65 67 70 67
72 63 62 62 62 72 74 70 63
60 62 63 70 62 63 60
72 63 62 62 62 72 74 70 63
60 62 63 72 70 67 65 65 67 70 67
72 63 62 62 62 72 74 70 63
60 62 63 70 62 63 60
60 62 63 70 62 63 60
60 62 63 70 62 63 60
62 62 62 60 58 63 63 63 63 63 58 58 63
62 62 62 62 60 58 60 57
62 62 62 60 58 63 63 63 63 63 58 58 63
62 62 65 65 62 58 62 60
67 67 67 67 65 62 65 67 67 65 65 62 65 62
67 67 67 67 65 62 65 67 67 67 67 65 62
70 70 70 70 70
65 70 69 67 65 67 70 70 58 70 69 67 65 67 67 65 67
58 58 60 62 62 62 62 62 60 58 62 60 60 58 60
65 70 69 67 65 67 70 70 58 70 69 67 65 67 67 65 67
58 58 60 62 62 62 63 62 60 62 53 63 62 60 58 57 58
62 62 62 58 58 63 63 63 63 63 58 58 63
62 62 62 62 60 58 60 57
62 62 60 60 58 63 63 63 63 63 58 58 63
62 62 65 65 62 58 62 60
67 67 67 67 65 62 65 67 67 67 65 62 65 62
67 67 67 67 65 62 65 67 67 67 67 65 62
70 70 70 70 70
65 70 69 67 65 67 70 70 58 70 69 67 65 67 67 65 67
58 58 60 62 62 62 63 62 60
58 62 60 60 58 60 65 70 69 67 65 67 70 70
58 70 69 67 65 67 67 65 67
58 58 60 62 62 62 63 62 60 62 58 63 62 60 58 57 58
56 59 56 61 59 56 54 52
61 64 61 61 59 59 56 59
61 59 61 64 66 68 63 61 59
56 54 56 54 56 59 61 56 54
56 59 56 61 59 56 54 52
61 64 61 61 59 59 56 61 59
61 59 61 64 66 68 63 61 59 56 59 66 64
54 56 59 61 59 56 54 52
59 61 66 61 68 64 66
68 66 64 59 64 56 59 66 59 63
64 66 68 71 73 68 66
66 64 66 68 71 68
66 66 68 66 64 61 59
66 68 64 66 68 64 66
68 66 64 59 66 56 59 66 59 64
64 61 64 66 68 66
64 61 64 66 68 71 68 66 64
56 59 56 61 59 56 54 52
61 64 61 61 59 59 56 59
61 59 61 64 66 68 63 61 59 56 54 56
54 56 59 61 66 66
56 59 56 61 59 56 54 52
59 59 61 64 61 61 59 59 56 61 59
61 59 61 64 66 68 63 61 59 56 59 66 64
64 66 68 66 64 61 64
59 61 68 61 68 64 66
68 66 64 59 66 56 59 66 59 64
64 66 68 71 73 68 66
66 64 66 68 71 68
66 66 68 66 64 61 59
66 68 64 66 68 64 66
68 66 64 59 66 56 59 66 59 64
64 61 64 66 68 66
64 61 64 66 68 71 68 66 64
66 66 68 66 64 61 59
66 68 64 66 68 64 66
68 66 64 59 66 56 59 66 68 68
64 66 68 71 73 68 66
66 64 66 66 64
59 59 56 57 56 57 59
56 59 64 63 61 59
61 64 63 64 64
68 64 64 59 59 66
59 59 56 57 56 57 59
56 59 64 63 61 59
61 64 63 64 64
68 68 68 64 68 66
63 63 63 61 60 61 63 66
64 64 64 63 61 63 64 68
66 64 64 63 63 59 64 64
61 63 64 64 64 63 64 66
68 68 68 66
59 56 59 66 69 68
59 56 59 66 69 68
59 56 59 66 69 68 66 64 66 68 66 64
61 61 57 68 66 68 66
59 59 56 66 64 66 64
64 66 68 64 64 66 68 64 64 68 68 66 68 66
59 56 59 66 69 68
59 56 59 66 69 68
59 56 59 66 69 68
66 64 66 68 66 64
61 61 57 68 66 68 66
59 59 56 66 64 66 64
64 66 68 64 64 68 66 64 64
59 59 56 57 56 57 59
56 59 64 63 61 59
61 64 63 64 64
68 64 64 59 59 64
59 59 56 57 56 57 59
56 59 64 63 61 59
61 64 63 64 64
68 64 64 66 68 66
63 63 63 61 60 61 63 66
64 64 64 63 61 63 64 66
68 64 64 63 63 59 64 64
61 63 64 64 64 63 64 66
68 68 68 66
59 56 59 66 69 68
59 56 59 66 69 68
59 56 59 66 69 68 66 64 66 68 66 64
61 61 57 68 66 68 66
59 59 56 66 64 66 64
64 66 68 64 64 66 68 64 64 68 68 66 68 66
59 56 59 66 69 68
59 56 59 66 69 68
59 56 59 66 69 68
66 64 66 68 66 64
61 61 57 68 66 68 66
59 59 56 66 64 66 64 64 66 68 64
59 68 66 64
64 66 68 64 59 68 66 64 64
72 68 70 65 65 65 65
65 67 68 65 63 63
70 70 70 68 72 68 65
60 60 58 60 58 60 61 61 56 61 63 61
63 63 65 63 63 63 60 58
56 56 53 60 60 58 60 58 60
61 61 61 61 68 68 67 60 65 63
65 65 65 68 65 65 65 65
63 63 63 72 68 68 68 68 63 63
65 65 65 75 77 75 68
63 63 63 72 68 68 68 68 63 63
72 68 70 65 65 65 75
70 70 68 70 70 68 70 72 63 63
70 70 68 70 70 68 72 68 65 65
75 75 72 75 75 72 75 72 68 63
72 68 68 65
72 68 68 65
60 60 58 60 58 60 61 61 56 61 63 61
63 63 63 63 65 63 60 58
56 56 53 60 60 58 60 58 60
61 61 61 61 68 68 67 60 65 63
65 65 65 68 65 65 65 65
63 63 63 72 68 68 68 68 63 63 70
65 65 65 75 77 75 68
63 63 63 72 68 68 68 68 63 63
72 68 70 65 65 65 63
70 70 68 70 70 68 70 72 63 63
70 70 68 70 70 68 72 68 65 65
75 75 72 75 75 72 75 72 68 63
72 68 68 65
72 68 68 65
65 65 65 58 60 61 65 65 65 58 60 61 65 65 65 65 63 61 58
61 61 61 58 60 61 63 63 63 63 56 65 65 65 65 63 61 63
65 65 65 58 60 61 65 65 65 58 60 61 65 65 65 70 65 61 58
61 63 61 60 58 56 58
68 68 68 68 66 63 66 68 66 63 65
63 63 63 63 61 63 65 65 65 66 65 61 65
68 68 68 68 66 63 66 66 66 68 66 63 65
63 63 63 63 61 57
58 57 58 60 63
65 65 73 72 73 72 73 65 65 70 68 70 68 70 61 65
66 65 66 65 66 63 65 63 65 63 65 61 63 63 63 65 66 63 65
65 65 73 72 73 72 73 70 70 70 68 70 72 73 70 68
66 68 66 65 63 61 63 63 63 65 66 63 60
61 63 61 60 58 56 58
61 63 61 60 61 60 58
65 65 65 58 60 61 65 65 65 58 60 61 65 65 65 63 61 58
61 61 61 58 60 61 63 63 63 63 63 56 65 65 65 65 63 61 63
65 65 58 60 61 65 65 65 58 60 61 65 65 65 70 65 61 58
61 63 61 60 58 56 58
68 68 68 68 66 63 66 68 66 63 65
63 63 63 63 61 63 65 65 65 66 65 61 65
68 68 68 68 66 63 66 66 66 68 63 65
63 63 63 63 61 59 57
57 57 58 60 63
65 65 73 72 73 72 73 65 68 70 68 70 68 70 61 63
66 65 66 65 66 63 65 63 65 63 65 61 63 63 63 65 66 63 65
65 65 73 72 73 72 73 70 70 70 68 70 72 73 70 68
66 68 66 65 63 61 63 63 63 65 66 63 65
65 65 73 72 73 72 73 65 68 70 68 70 68 70 61 65
66 65 66 65 66 63 65 63 65 63 65 61 63 63 63 65 66 63 65
65 65 73 72 73 72 73 70 72 70 68 70 72 73 70 68
66 68 66 65 63 61 63 63 63 65 66 63 60
61 63 61 60 58 56 58
61 63 61 61 60 58
60 65 64 65 65 65 65 64 62 64 62 60
60 60 58 57 60 60 60 55 55 58 58 57
60 65 64 65 65 65 65 64 65 67 67 65
65 64 65 65 65 64 64 62 62 64 62 60
60 65 65 57 62 62 60 67 67 55 58 58 57
60 60 58 58 57 58 57 55 53 55 57 58 57
60 65 65 57 62 62 60 60 67 67 55 55 58 57
60 60 69 69 67 67 65 65 67 65 69 69 67
60 65 64 65 65 65 62 60 64 65 67 65
60 65 65 65 65 65 64 62 60 67 69 70 69
60 65 64 65 65 65 64 62 60 64 65 67 64 65
65 65 69 67 65 65 64 64 65 65
60 65 64 65 65 65 62 60 64 65 67 65
60 65 64 65 65 65 64 62 60 67 69 70 69 69
60 65 65 65 65 65 64 60 64 65 67 65 67 65
65 65 69 67 65 65 64 64 65 65
60 65 64 65 65 65 62 60 64 65 67 65
60 65 64 65 65 65 64 62 60 67 69 70 69
60 65 65 65 65 65 64 62 60 64 65 67 65 65
65 65 69 67 65 65 64 64 65 65
60 65 65 57 62 62 60 67 67 55 58 58 57
60 58 58 57 58 57 55 53 55 57 58 57
60 65 65 57 62 62 60 60 67 67 55 55 58 57
60 60 69 69 67 67 65 65 67 65 69 69 67
60 65 64 65 65 65 62 60 64 65 67 65
60 65 64 65 65 65 64 62 60 67 69 70 69
60 65 65 65 65 65 64 62 60 64 65 67 65 65
65 65 69 67 65 65 64 64 65 65
65 65 65 65 62 60 64 65 67 65
60 65 65 65 65 65 64 62 60 67 69 70 69 69
60 65 65 65 65 65 64 60 67 65 67 70 69 65
65 65 69 67 65 65 64 64 65 65
61 64 63 64 63 59 54 61
59 61 64 63 59 61 59 56
61 63 63 63 61 59 54 59
59 61 63 59 59 56 61 61 61
61 63 64 64 61 64 63 61 59 59 59 54 56
61 63 64 64 61 64 64 61 59 61 61 61
61 59 61 71 71 61 59 66 66 68 66
61 64 66 68 66 63 61
64 63 61 71 71 61 66 66 66 66 68 66
61 68 68 66 66 63 61 59
61 64 63 64 63 59 54 59
59 61 64 63 59 61 59 56
61 64 63 64 61 59 54 59
59 63 63 59 59 56 61 61 61
61 63 64 64 61 64 61 61 59 59 59 54 56
61 63 64 64 61 64 66 61 59 61 61 61
61 59 61 71 71 61 59 66 66 68 66
61 64 66 68 66 63 61
64 63 61 71 71 61 66 66 66 66 68 66
61 68 68 66 66 63 61 61
61 61 61 61 61 59 57 61 61 61 61 61
61 61 61 61 61 62 64 59 57
57 57 57 57 57 59 57 64 61 64 59
57 59 59 59 61 59 57 56 59 57
61 61 61 61 61 59 57 61 61 61 61 61
61 61 61 61 61 62 64 57
57 57 57 57 59 57 64 61 64 59
57 59 59 59 61 59 57 59 57
64 66 64 64 64 64 61 62 64 64 64
61 62 64 64 66 64 57
62 62 62 62 64 62 61 61 61 61 62 61
59 59 59 54 56 59 57
61 61 61 61 61 59 57 61 61 61 61 61
61 61 61 61 61 62 64 59 57
57 57 57 57 57 59 57 64 61 64 59
57 59 59 59 61 59 57 56 59 57
61 61 61 61 61 59 57 61 61 61 61 61
61 61 61 61 61 62 64 59 57
57 57 57 57 59 57 64 61 64 59
57 59 59 59 61 59 57 56 59 57
64 66 64 64 64 64 61 62 64 64 64
61 62 64 66 64 57
62 62 62 62 64 62 61 61 61 61 62 61
59 59 59 54 56 59 57
64 66 64 64 64 64 61 62 64 64 64
61 62 64 64 66 64 57
62 62 62 62 64 62 61 61 61 61 62 61
59 59 59 54 56 59 57
64 66 64 64 64 64 61 62 64 64 64
61 62 64 64 66 64 57
62 62 62 62 64 62 61 61 61 61 62 61
59 59 59 54 56 59 57
59 59 59 54 56 59 57
59 59 59 54 56 59 57
65 64 65 58 58 60 61 65 60 60 59 60
60 59 60 54 54 56 58 63 61 61 60 61
65 64 65 58 58 60 61 65 60 60 59 60
60 59 60 54 54 54 54 56 58 63 61 60 61
58 60 61 70 70 72 70 69 65 65 64 65
65 64 65 69 69 69 69 69 70 72 69 70
64 65 70 70 70 69 65 65 64 65
65 64 65 60 60 60 60 61 60 61 58 57 58
65 64 65 58 58 60 61 65 60 60 59 60
60 59 60 54 54 56 58 63 61 61 60 61
65 64 65 58 58 60 61 65 60 60 59 60
60 59 60 54 54 54 54 56 58 63 61 60 61
58 60 61 70 70 72 70 68 65 64 65
65 64 65 69 69 69 69 69 70 72 70
65 64 65 70 70 72 70 68 65 65
65 64 65 60 60 60 60 61 60 61 58 57 58
58 60 61 70 70 72 70 68 65 65 64 65
65 64 65 69 69 69 69 69 70 72 69 70
64 65 70 70 70 68 65 65 64 65
65 64 65 60 60 60 60 61 60 61 58 57 58
58 60 61 70 70 72 70 68 65 64 65
65 64 65 69 69 69 69 69 70 72 70
65 64 65 70 70 72 70 68 65 65
65 64 65 60 59 60 60 61 60 60 58 57 58
65 64 65 58 58 60 61 65 60 59 60
60 59 60 54 54 56 58 63 61 60 61
65 64 65 58 58 60 61 65 60 59 60
60 59 60 54 54 54 54 56 58 63 61 60 58
57 64 62 62 61 62 61 57
57 64 62 62 61 62 66 61
66 62 66 64 61 61 62 66 63
59 66 62 59 62 59 57
57 64 62 62 61 62 61 57
57 64 62 62 61 62 66 61
66 66 62 66 64 61 61 62 66 63
59 66 62 59 62
59 64 57 62 62 59 62
62 62 73 74 73 69 69 66 64 66 67 66
62 62 71 69 69 66 66 62 59 62 66 62
62 62 73 74 73 69 69 66 64 64 67 66
62 62 71 69 66 66 62 59 62 66 62
59 62 66 62 62 59 62 66
66 66 62 62 59 66 64 62
57 64 62 62 61 62 61 57
57 64 62 62 61 61 62 66 61
66 66 62 66 64 61 61 62 66 63
59 66 62 59 62 59 64
57 66 62 62 59 62
62 62 73 74 73 69 69 66 64 67 66
62 62 71 69 69 66 66 62 59 62 66 62
62 62 73 74 73 69 69 66 64 64 67 66
62 62 71 69 66 66 62 59 62 66 62
59 62 66 62 62 59 62 66
66 66 62 62 59 66 64 62
63 63 63 74 75 74 70 70 67 65 67 68 67
63 63 72 70 70 67 67 63 60 63 67 63
63 63 74 75 74 70 70 67 67 75 74 70 67
63 63 72 70 70 67 67 63 60 63 67 63
60 63 67 63 63 60 63 67
67 67 63 63 60 67 65 63
56 66 65
61 63 65 68 61 61 60 58
66 65 65 66 65 66 58 63
65 65 66 65 66 58 63
61 63 61 63 61 63 65
56 66 65
61 63 65 68 61 61 61 60 58
65 65 66 65 66 58 63 65 65 66 65 66 58 63
56 56 65 63 65 63 61
68 68 68 66 65 66 68 58 58 58 61 60
68 68 66 65 66 60 60 60 60 61 63 61
65 65 66 65 66 65 66 58 58 58 54 61 60
61 61 63 61 63 61 63 61 63 61 63 61 63 66 65
68 68 68 66 65 66 58 58 58 58 60 61 60
68 68 68 66 65 66 68 60 60 60 60 56 63 61
65 65 66 66 65 66 58 58 58 58 54 61 60
60 56 63 61
56 66 65
61 63 65 68 61 61 60 58
65 66 65 66 58 63
65 66 65 66 58 63
56 65 63 65 63 61
68 68 68 66 65 66 68 58 58 58 61 60
68 68 66 65 66 60 60 60 60 61 63 61
65 65 66 65 66 65 66 58 58 58 54 61 60
61 61 63 61 63 61 63 61 63 61 63 61 63 61 65
68 68 68 66 65 66 58 58 58 58 60 61 60
68 68 68 66 65 66 68 60 60 60 60 56 63 61
65 65 66 66 65 66 58 58 58 58 54 61 60
60 60 56 63 61
61 63 65 65 58 61 65 65 58 65 63
60 60 61 63 56 60 63 63 56 63 61
61 63 65 65 58 61 65 65 58 65 63
56 65 63 61 63 65
61 63 65 65 58 61 65 65 58 65 63
60 60 61 63 56 60 63 63 56 63 61
61 63 65 65 58 61 65 65 58 65 63
65 63 56 63 61
68 68 68 66 65 66 68 58 58 58 60 61 60
68 68 66 65 66 68 60 60 60 60 56 63 61
65 65 66 65 66 65 66 58 58 54 61 60
61 63 61 63 61 63 61 63 61 63 61 63 61 65
68 68 68 66 65 66 58 58 58 58 60 61 60
68 68 66 65 66 68 60 60 60 60 56 63 61
65 65 65 58 58 58 58 54 61 60
60 56 63 61
56 58 61 56 58 61 56 58 63 61 63 65 58
63 61 63 61 58 56 58 65
56 58 63 61 56 58 63 61 56 58 61 63 61 63 65 58
58 63 61 63 65 68 65 63 61 61
61 65 68 68 61 61 61 65 68 68 61 61
61 65 68 68 61 61 63 63 56
61 63 63 56 66 65 63 65
61 60 61 61 70
68 73 65 68 68
65 66 65 58 65 65
63 61 56 61 63 61 68 61 60 61 61
63 65 66 66 65 60 65 63 63 61 61
61 70 70 75 73 72 70 68 73
65 68 66 65 66 58
65 66 68 66 65 66 65 63
63 61 56 61 63 61 68 61 60 61 61
63 65 66 66 65 60 65 63 63 61 61
61 70 70 75 73 72 70 68 75 73
65 68 66 65 66 58
65 68 66 65 66 58 60 61
56 58 61 56 58 61 56 58 63 61 63 65 58
63 61 63 61 58 56 58 61 65
68 65 65 63 63 65 65 58 61 63 61 63 65 58
58 63 61 63 65 68 65 63 61 61
61 65 68 68 61 61 61 65 68 68 61 61 56
56 65 68 68 61 61 63 63 56
61 63 63 56 66 65 63 65
61 61 60 61 61 70
68 72 73 65 68 68
65 66 65 58 65 65
63 61 56 61 63 61 68 61 60 61 61
63 65 66 66 65 60 65 63 63 61 61
61 70 70 75 73 72 70 68 73
65 68 66 65 66 58
65 66 68 66 65 66 65 63
63 61 56 61 63 61 68 61 60 61 61
63 65 66 66 65 60 65 63 63 61 61
61 70 70 75 73 72 70 68 75 73
65 68 66 65 66 58
65 68 66 65 66 58 60 61
63 63 63 61 59 61 54 56 58
59 59 59 58 56 58 59 61 63
64 64 64 63 63 61 63 63 63 61 59
59 56 59 56 59 61 59 61
63 63 63 61 59 61 66 68 66
59 59 59 58 56 58 63 64 63
64 64 64 63 61 63 63 63 61 59
59 56 59 56 59 61 61
63 61 59 61 63 68 70
70 68 70 66 68 69 68
68 66 64 63 64
61 63 64 66 68 71 75
66 66 66 66 59 59 61 61 63 63 64 64 66 66
66 68 70 70 71 71 70 70 68 68 63 63 64 66
68 70 71 71 71 71 70 66 66
66 66 64 63 64 64 66 68 63 61
66 66 66 66 59 59 61 61 63 63 64 64 66 66
63 68 70 70 71 71 70 70 68 68 63 63 64 66
68 70 70 71 71 71 70 66 66
66 66 73 70 71 64 66 68 63 61
54 64 63 59 59
63 63 63 61 59 61 66 68 66
59 59 59 58 56 58 63 64 63
64 64 64 63 61 63 63 63 61 59
59 56 59 56 59 61 61
63 61 59 61 63 68 70
70 68 70 66 68 69
68 68 66
64 63 64 64 63 64 66
68 71 75
66 66 66 66 59 59 61 61 63 63 64 64 66 66
66 68 70 70 71 71 70 70 68 68 63 63 64 66
68 70 71 71 71 71 70 66 66
66 66 64 63 64 64 66 68 63 61
66 66 66 66 59 59 61 61 63 63 64 64 66 66
66 68 70 70 71 71 70 70 68 68 63 63 64 66
68 70 71 71 71 71 70 66 66
66 66 73 70 71 64 66 68 63 61
54 64 63 59 59
59 58 58 58 59 61 61 56 56 61 59
59 59 61 59 58
54 63 63 63 61 59 61 61 54 56 58 59
59 61 59 58 56
59 58 58 58 59 61 61 56 56 61 59
59 59 61 59 59 58
54 63 63 63 61 59 61
63 65 66 68 70 71 71 71 70 66 68
61 71 70 70 61
61 61 58 61 68 66 71 70 70
61 61 58 61 68 66 66 61 63
63 63 65 66 68 61 68 66
66 68 70 70 68 68
70 71 70 68 71 70 61 61
58 61 68 66 71 70 70
61 61 58 68 66 66 66 66 61 63
63 63 65 66 61 71 70
70 68 63 66 65 66
59 58 58 58 59 61 61 56 56 61 59
59 59 61 59 59 58
54 63 63 63 61 59 61
61 61 54 56 58 59
59 61 59 58 56
59 58 58 58 59 61 61 56 56 61 59
59 59 61 59 59 58
54 63 63 63 61 59 61
63 65 66 68 70 71
71 71 70 66 68 61 71 70 70 61
61 61 58 61 68 66 71 70 70
61 61 58 61 68 66 66 61 63
63 63 65 66 68 61 68 66
66 68 70 70 68 68
70 71 70 68 71 70 61 61
58 61 68 66 71 70 70
61 61 58 68 66 66 66 66 61 63
63 63 65 66 61 71 70
70 68 63 66 65 66
66 66 68 68 68 66 66 68 70
66 65 66 66 66 68 68 68 68
66 73 70
66 68 69 64 64 69 71 64 64
71 73 74 74 73 71 73 69 68 66
66 73 71 69 73 70 74
62 72 71 71 62
62 62 59 62 69 67 72 71 71
62 62 59 62 69 67 67 62 64
64 64 66 67 69 62 69 67
67 69 71 71 69 69 71 72 71 69
72 71 62 62 59 62 69 67 72 71 71
62 62 59 69 67 67 67 67 62 64
64 64 66 67 62 72 71
71 69 64
67 66 67
65 65 58 58 60 62
65 65 58 58 60 62 60 53
65 65 58 58 60 62
62 60 62 63 62 60
63 62 60
53 58 58 62 63 62 60 58
59 60 62 62 62 60 62 60 58
57 57 58 58 58 58 58 58
58 58 58 57 58 58 58 58 58 57 58 58
58 58 58 65 65 65 65 65 65 65 65 65
65 65 65 65 63 63 62
60 58 57 58 55 57 58 65 63 62 58 58
57 58 58 58 62 58 55 57 58 65
63 62 58 60
62 60 63 62 58 65 69 70 69 65 58
58 67 67 67 65 65
65 63 62 60 62 63 62
62 64 66 62 64 66 69 70 69 70 70
70 70 65 65 67 65 63
60 62 63 65 67 58 65 69 69
62 60 63 62 58 65 69 69 65 58
58 67 67 67 65 65
65 63 62 60 62 63 62
62 64 66 62 64 66 69 72 70 70
70 70 65 65 67 65 63 55 57
58 60 62 60 60 58
57 58 58 58 58 57 58 58 58 58 58 57 58 58
58 58 58 57 58 58 58 58 58 65 65 65
65 65 65 65 65 65 65 65 65 65 63 63 62
60 58 57 58 55 57 58 65 63 62 58 58
57 58 58 58 62 58 55 57 58 63 63 62
62 60 63 62 58 65 69 70 69 65 58
58 67 67 67 65 65
65 63 62 60 62 63 62
62 64 66 62 64 66 69 70 69 70 70
70 70 65 65 67 65 63
60 62 63 65 67 58 65 69 69
62 60 63 62 58 65 69 69 65 58
58 67 67 67 65 65
65 63 62 60 62 63 62
62 64 66 62 64 66 69 72 70 70
70 70 65 65 67 65 63
55 57 58 60 62 60 60 58
60 62 64 60 62 60 57 60
60 60 56 55 64 64
60 62 64 60 62 57
57 59 60 60 60 62 62
60 62 64 60 62 60 57 62
60 60 56 55 64 64
60 64 60 62 60 62 57 55 55 55 62 62
60 62 64 60 64 62
60 62 64 60 64 64 64 71 71
69 71 72 71 72 65 65
64 60 62 64 64 62 62
67 67 69 67 60 64 65 62
67 67 67 67 55 57 59 60
67 67 69 67 60 60
67 60 60 62 64
67 67 69 67 60 64 65 62
67 67 69 71 60 60 72 72
69 67 60 60
60 62 65 64 60 60 60
60 62 64 60 62 60 57 60
60 60 56 55 64 64
60 62 64 60 62 57
57 59 60 60 60 62 62
60 62 64 60 62 60 57 62
60 60 56 55 64 64
60 64 60 62 60 62 57
55 55 55 62 62
60 62 64 60 64 62
60 62 64 60 64 64 64 71 71
69 71 72 71 72 65 65
64 60 62 64 64 62 62
67 67 67 67 60 64 65 62
67 67 69 67 55 57 59 60
67 67 69 67 60 60
67 60 60 62 64
67 67 69 67 60 64 65 62
67 67 69 69 72 74 72 72
69 67 60 60
60 62 65 64 60 60 60
64 64 67 67 67 72 72 72 74 76 76 76 72 74
71 72 74 74 74 71 74 72
69 67 60 60
60 62 65 64 60 62 60
60 60 59 57 55 57 59
60 60 59 57 55 57 55
55 59 62 62 55
64 62 62 59 62 55
64 62 62 59 59 57
64 62 62 59 59 57
60 60 59 57 55 57 57
60 60 59 57 55 57 55
55 59 66 66 67
67 67 67 67 66 66 67
67 67 69 67 71 71 69
67 67 69 67 69 71 72 71 69
59 62 69 69 67
71 69 69 66 64 64 62
62 62 67 67 60
67 66 66 67 69 71
59 62 69 69 67
71 71 69 66 64 62 62 62 59 66 67
62 62 64 55 55 60 59 55 55
60 60 59 57 55 57 59
60 60 59 57 55 57 55
55 59 62 62 55
64 62 62 59 62 55
64 62 62 59 59 57
64 62 62 59 59 57
60 60 59 57 55 57 57
60 60 59 57 55 57 55
55 59 66 66 66
67 67 67 67 66 66 67
67 67 69 67 69 71 69
67 67 69 67 69 71 72 71 69
59 62 69 69 67
71 69 69 66 64 64 62
62 62 67 67 60
67 66 66 67 69 69
59 62 69 69 67
71 69 69 66 64 64 62 62 59 66 67
62 62 64 55 54 55 59 55 55
59 62 69 69 67
71 69 69 66 64 64 62
62 62 67 67 60
67 66 66 67 69 69 69
59 62 69 69 67
71 71 69 66 64 64 62 62 59 66 67
62 62 64 55 55 60 59 55 55
62 62 64 55 55 60 59
56 59 63 56 59 56 59 63 56 58
56 59 61 63 66 68 61 59 56 63 66 68 61 59 56 58
56 59 63 56 59 56 56 59 63 56 58
56 59 61 63 66 68 61 59 56 63 66 68 61 59 56 63
63 68 70 72 68 68 63 63 72 68 70 67 65 63
60 70 67 68 67 68 72 67 63 65
63 68 70 72 68 68 63 63 68 70 75 70 72 70
67 68 67 72 67 63 68
56 59 63 56 59 56 56 59 63 56 59
56 59 61 63 66 68 61 59 56 63 66 68 61 59 56 63
63 68 70 72 68 68 63 63 72 68 70 67 65 63
60 70 67 68 67 68 72 67 63 65
63 68 70 72 68 68 63 63 68 70 75 70 72 70
67 68 67 72 67 63 68
63 68 70 72 68 63 63 72 68 70 67 65 63
60 70 67 68 67 68 72 67 63 65
63 68 70 72 68 68 63 63 68 70 75 70 72 70
67 68 67 68 72 67 63 68
56 59 63 56 59 56 59 63 56 58
56 59 61 63 66 68 61 59 56 63 66 68 61 59 56 61
63 61 58 61 61 58 61 61 58 61 58 56
63 61 58 61 61 58 61 61 65 63 61 61
56 58 65 65 65 63 65 65 63 65 68 65
65 65 65 63 63 63 63 63 61 63
63 61 58 61 61 58 61 61 58 61 58 56
58 65 68 68 65 68 68 65 63 61 61
63 61 63 65 63 63 63
61 58 63 61 61 58 61 63 61
68 68 65 63 65 58 65 68 65 63
68 68 65 63 65 56 63 65 68 63 61
61 63 65 68 70 68 65 68 65 65 63 63
61 63 61 63 61 63 65 68 65
68 68 65 63 65 58 65 68 65 63
68 68 65 63 65 56 63 65 68 63 61
61 63 65 68 70 68 65 68 65 65 63 63
56 65 63 63 61
63 61 58 61 61 58 61 61 58 61 58 56
63 61 58 61 61 58 61 61 65 63 61 61
56 58 61 65 65 63 65 65 63 65 68 65
65 65 65 63 63 63 63 63 61 63
63 61 58 61 61 58 61 61 58 61 58 56
58 65 68 68 65 68 68 65 63 61 61
63 61 63 65 63 63 63 61 58 63 61
61 58 61 63 61
68 68 65 63 65 58 65 68 65 63
68 68 65 63 65 56 63 65 68 63 61
61 63 65 68 70 68 65 68 65 65 63 63
61 63 61 63 61 63 65 68 65
68 68 65 63 65 58 65 68 65 63
68 68 65 63 65 56 63 65 68 63 61
61 63 65 68 70 68 65 68 65 65 63 63
56 65 63 63 61
69 69 66 64 66 59 66 69 66 64
69 69 66 64 66 57 64 66 69 64 62
62 64 66 69 71 69 66 69 66 66 64 64
62 64 62 64 62 64 66 69 66
69 69 66 64 66 59 66 69 66 64
69 69 66 64 66 57 64 66 69 64 62
62 64 66 69 71 69 66 69 66 66 64 64
57 66 64 64 62
60 62 64 64 62 64 62 60 59 57
52 57 55 57 59 57 55 57
60 59 57 59 57
52 60 59 57 59 57
60 62 62 64 62 64 62 64 67 60
64 62 62 62 60 59 60
60 60 59 57 59 60 57
52 60 59 57 55 57 59 57
55 64 62 60 62 64 62 55
60 57 59 60 69 67 60 64
64 62 64 64 62 64 64 64
60 62 67 64 64 65 67 69 62
62 65 64 62 60 52 62 60 59 59 57
60 59 57 59 65 64 62 59 60
60 62 64 67 64 65 67 64 62
60 62 67 64 64 65 67 69 62
62 65 64 62 60 52 62 60 59 59 57
60 59 57 59 65 64 62 64 62 60
60 62 64 67 67 64 60 62 60 59
55 64 62 60 62 64 62 55
60 57 59 60 69 67 60 64
64 62 64 64 62 64 64 64
60 62 67 64 64 65 67 69 62
62 65 64 62 60 52 62 60 59 59 57
60 59 57 59 65 64 62 59 60
60 62 64 67 64 65 67 64 62
60 62 67 64 64 65 67 69 62
62 65 64 62 60 52 62 60 59 59 57
60 59 57 59 65 64 62 64 62 60
60 62 64 69 67 64 60
62 60 59
60 62 64 64 62 64 62 64 67 60 64 62 62 60 59 60
60 60 59 57 57
55 64 62 60 60
64 63 61 63 61 59 52 52 54 56 59
56 59 61 59 61 64
64 61 59
57 57 59 56 54 54 56 59 59 56 63
61 63 64 64 64 61 59 59 56
64 63 61 63 61 59 52 52 54 56 59
56 59 61 59 61 63 64
64 61 59 54
57 57 59 56 54 54 59 56 63
61 63 64 61 63 61 61 61 64
56 56 56 60 61 63 64 64 64 64 61
61 63 64 64 61 63 59 59
64 68 68
66 66 68 69 68 66 64 66 66 64 64 64
61 63 64 64 61 64 61 64
66 66 64
71 68 66 64 68 59 69 68 69 69 68
64 66 68 69 68 66 64 61
64 66 68 69 71 68 68 66
71 71 66 64 66 59 69 68 69 71 73
64 66 68 69 69 69 68 66 64
59 59 69 68 68 66 64 66
68 66 64 61 64
56 56 56 60 61 63 64 66 64 64 61
61 63 64 64 61 64 59 59
64 68 68
66 66 68 69 68 66 64 68 66 64 64 64
61 63 64 64 61 64 61 64
66 66 64
71 68 66 64 66 59 68 68 69 71 68
64 66 68 69 68 66 64 61
64 66 68 69 71 68 68 66
71 71 66 64 68 59 69 68 69 71 73
64 66 68 69 69 69 68 66 64
59 59 69 68 68 66 64 64
68 66 64 61 63
71 68 66 64 68 59 69 68 69 71 68
64 66 68 69 68 66 64 61
64 66 68 69 71 68 68 66
71 71 66 64 66 59 69 68 69 71
64 66 68 69 69 69 68 66 64
59 59 68 68 66 66 64 64
68 66 64 61 64
54 66 66 66 65 61 63 63 61 59 61
58 66 66 66 65 61 63
54 66 66 66 65 61
63 63 61 59 61
58 56 54 66 66 68 68 66 65 61 66
63 65 66 65 66 61 68
70 70 68 66 68 63 66
70 70 68 66 68 66 61
70 68 66 68 63 66
66 65 66 65 63 63 61 61
70 70 68 66 68 63 66
65 65 66 68 61 58 61 66 66
61 61 59 58 59 66 66
61 61 59 58 59 68 68
66 65 66
54 66 66 66 65 61 63 63 61 59 61
58 66 66 66 65 61 63
54 66 66 66 65 61
63 66 68 66 61
58 56 54 66 66 68 68 66 65 61 66
63 65 66 65 66 61 68
70 70 68 66 68 63 66 70 70 68 66 68 66 61
70 68 66 68 63 66
66 65 66 65 63 63 61 61
70 70 68 66 68 63 66
66 65 66 68 61 58 61 66 66
61 61 59 58 59 66 66
61 61 59 58 59 68 68 66 65 65
66 65 66 66 65 68
66 66 68 70 68 66 61 63
61 59 58 59 66 66
59 58 59 66 70 66 68
70 70 68 66 68 63 66
70 70 68 66 68 66 61
70 68 66 68 63 66
66 66 65 65 63 63 61 61
70 70 68 66 68 63 66
66 65 66 68 71 70 68 73 70
61 61 59 58 59 66 66
61 61 59 58 59 68 68 66 65 66
61 61 59 58 59 66 66
61 61 59 58 59 68 68 66
63 62 63 62 63 55 63 65 65 62
62 61 62 61 62 55 65 63 62 60
60 62 63 62 63 62 63 60 62 63 65
62 61 62 61 62 55 65 63 62 60
60 62 63 62 63 55 63 65 65 65 62
62 61 62 61 62 55 65 63 62 62 60
60 62 62 62 63 63 63 62 67 65
62 61 62 61 62 53 65 63 62 60
63 60 62 58
63 60 60 60 58 55
63 60 60 58
62 60 62 63 62
67 72 72 70 70 65 67
67 72 72 70 70 65 65
56 68 68 68 67 65 62
60 62 63 65 65
67 72 72 70 70 65 65
67 72 72 70 70 65 67
56 68 68 68 67 65 62
60 62 62 64 62
63 60 62 58
62 60 60 60 58 55
62 60 62 58
62 60 62 63 62 65
58 58 58 61 63 63
63 65 65 66 66 58
65 63 63 61 61
63 65 65 66 66 66 65 63 63 61 61
68 70 66 63 68 68
68 70 68 66 61 68 68 65 66
66 68 70 71 71 63 66 65 63 65 61
68 70 68 66 66 63 68 70 68 66 66 63
68 70 68 66 66 61 66 65 66
61 58 59 66 63 65 66 65 66 68 68
68 70 66 63 68 68
68 70 68 66 61 68 68 65 66
66 68 70 71 71 63 66 65 63 65 61
68 70 68 66 66 63 68 70 68 66 66 63
68 70 68 66 66 61 73 65 66
61 58 59 66 66 70 71 70 68 66
58 58 58 61 63 63
66 66 66 65 54 63
63 65 65 66 66 58 65 63 63 61 61
63 65 65 66 66 68 65 63 63 61 70
63 65 66 68
68 70 66 63 68 68
68 70 68 66 61 68 68 65 66
66 68 70 71 71 63 66 65 63 65 61
68 70 68 66 66 63 68 70 68 66 66 63
68 70 68 66 66 61 66 65 66
61 58 59 66 63 65 66 65 66 68 68
68 70 66 63 68 68
68 70 68 66 61 68 68 65 66
66 68 70 71 71 63 66 65 63 65 61
68 70 68 66 66 63 68 70 68 66 66 63
68 70 68 66 66 61 73 65 66
61 58 59 66 66 70 71 70 68 66 65 65
63 65 66 63 65 66 68
65 66 68 65 66 68 70
70 70 66 71 70 66 71 70 68
69 71 67 64 69 69
69 71 69 67 62 69 69 66 67
67 69 71 72 72 64 67 66 64 66 62
69 71 69 67 67 64 69 71 69 67 67 64
69 71 69 67 67 62 74 66 67
62 59 60 67 67 71 72 71 69 67 66 67
69 71 69 67 67 64 69 71 69 67 67 64
69 71 69 67 67 62 74 66 67
62 59 60 67 67 71 72 71 69 67 66 67
60 60 60 60 58 58 57 55
60 60 60 60 60 62 65 60
60 58 60 65 64 62 60 58 60 64
62 62 60 60 58 58 57 55
60 60 60 58 58 57 55
60 64 64 64 64 65 67 69 65 67
60 62 62 64 65 67 65 64 62 62 65 65
62 65 65 62 65 67 67 65 65
69 69 65 62 62 69 65 65
60 60 65 64 65
62 62 67 65 64 62 62 60 70 69 69 67 67
69 69 70 72 70 69 65 67
72 70 67 67
67 69 69 70 62 65 65 64 62 64 64
60 60 60 58 58 57 55
60 65 64 65 64 65 67 69 65 65
60 62 62 64 65 67 65 64 62 60 65 65
62 65 67 67 65 69 70 70 72 67
69 69 65 62 62 69 65 65
60 60 67 64 65
62 62 67 65 64 62 62 60 69 69 69 67 69
69 69 70 72 70 69 65 67
72 70 67 67
67 69 69 70 62 65 65 64 62 64 64
65 64 65 64 65 65 64 64 64 62 60 64 64 62 64
67 65 62 65 67 67 65 67 65 67 65 67 65
67 65 67 65 65
69 69 65 62 62 69 65 65
60 60 67 64 65
62 62 69 65 64 62 62 60 70 69 69 67 69
69 69 70 72 70 69 65 67
72 70 67 67
67 69 69 70 62 65 65 64 62 64 64
67 69 69 70 62
65 65 62 64 65
60 62 62 62 62 58 58 58 58 58 63
63 63 63 63 63 62 62 62 63 65 63 62
60 62 62 62 62 58 58 58 58 58 63
63 63 63 65 63 67 67 65 63 67 63 63
70 70 67 67 62 70 70 65 65 63
70 70 67 67 65 65 65 67 65 63 62 63
70 70 67 67 62 70 70 65 65
63 63 63 60 65 63 63 63 63 60 63
58 67 67 67 65 65 63 63 65 65 65
58 67 67 67 65 65 63 63 60 65 63
67 67 68 67 65 63 63 60 63 60 67 58
58 60 65 63 63 63 63 63 63 63 65
58 67 67 67 65 65 63 63 65 65 65
58 67 67 67 65 65 63 63 60 65 63
67 67 68 67 65 63 63 60 63 60 65 58
58 60 65 63 63 63 63 63 63 65 65 58 67
60 62 62 62 62 58 58 58 58 58 63
63 63 63 63 63 63 62 62 62 63 63 63 62
60 62 62 62 62 58 58 58 58 62 63
63 63 63 65 63 67 67 65 63 67 63 65
70 70 67 67 62 70 70 65 65 63
70 70 67 67 65 65 65 65 65 63 62 63
70 70 67 67 62 70 70 65 65
63 63 63 60 65 63 63 63 63 67 67
58 67 67 67 65 65 63 63 65 67 65
58 67 67 67 65 65 63 63 60 65 63
67 67 68 67 65 63 63 60 63 60 65 58
58 60 65 63 63 63 63 63 63 65 65
58 67 67 67 65 65 63 63 65 67 65
58 67 67 67 65 65 63 63 60 65 63
67 67 68 67 65 63 63 60 63 60 67 58
58 60 65 63 63 63 63 63 63
65 65 58 67 65
63 65 67 68 70 70 70 70 70 70 67 68 70
70 68 68 68
68 68 68 68 68 65 67 68 68 67 67
65 65 63 65 63 74
72 77 74 70 70 65 65
68 68 68 60 67 68 70 67 72
59 68 68 68 66 66 64 64 66 68 66
59 68 68 68 66 66 64 64 61 66 64
68 68 69 68 66 64 64 61 64 61 68 59
59 61 66 64 64 64 64 64 64 66 66
59 68 68 68 66 66 64 64 66 68 66
66 66 64 64 64 66 64 64 61 66 64
59 59 61 64 61 64 64 61 64 61 68 68
66 64 66 64 64 61 64 64 64 66 66 59 68 66
57 62 64 64 57 67 66 64 62 61 61 69
62 54 64 62 61 59 59 59 57
55 62 61 57 57 64 64 67 66 67 66 66 64
57 62 64 64 57 67 66 64 62 61 69
62 54 64 62 61 59 61 69 69
62 71 67 66 64 66 67 69 66 62
59 67 66 67 66 62 61 64
66 64 62 57 66 64 62 61
59 59 59 59 59 57 55 59 57
66 64 62 57 66 64 62 61
62 62 62 62 59 62 69 69 66 67 69 61 64 62
59 69 67 67 66 67 66 62 66 64
66 67 71 61 64 62 67 66 67 66 67
67 66 67 66 67 62 69
57 62 64 66 57 67 66 64 62 61 61 69
62 54 64 62 61 59 59 59 57
55 62 61 57 57 64 64 67 66 67 66 66 64
57 62 64 66 57 67 66 64 62 61 69
62 54 64 62 61 59 61 69 69
62 69 67 66 64 66 67 69 66 62 59 67 66 67 66 62 61 64
66 64 62 57 66 64 62 61 59 59 59 59 59 57 55 57 57
66 64 62 57 66 64 62 61 61 62 62 62 62 59 62 69 69
66 67 67 61 64 62 59 67 67 67 66 67 66 62 66 64
66 67 71 61 64 62 67 66 67 66 67
67 66 67 66 67 62 67
57 62 64 64 57 67 66 64 62 61 61 69
62 54 64 62 61 59 59 61 57
55 62 61 57 57 64 64 67 66 67 66 66 64
57 62 64 66 57 67 66 64 62 61 69
62 54 64 62 61 59 61 71 69
62 71 67 66 64 66 67 69 66 62 59 67 66 67 66 62 61 64
69 66 69 66 66 64 62 61 61 62 64 66 67 66 64 62 62 61 62
57 62 64 64 57 67 66 64 62 61 61 69
62 54 64 62 61 59 59 59 57
55 62 61 57 57 64 64 67 66 67 66 66 64
57 62 64 64 57 67 66 64 62 61 69
62 54 64 62 61 59 61 71 69
62 71 67 66 64 66 67 69 66 62 59 67 66 67 66 62 61 64
56 58 58 58 56 58 63 60
56 58 58 58 58 56 58 56 63 60
63 58 58 56 60
53 58 58
56 58 58 58 56 58 63 60
56 58 58 58 56 58 63 56 63 60
58 60 56 58 60
53 56 63 60 58 56 63 55 56
60 61 60 65 60 61
60 65 65 67 68 60
65 67 67 61 60 61 68 67
63 60 63 67 68
65 68 72 70
70 68 67 67 60 63 70 70
70 70 68 67 67 68 60 70
68 68 70 68 70 73 68
68 68 70 68 70 65 72 70
70 70 68 67 67 60 63 68 70
70 70 68 67 67 60 63 68 70
